seqnames	start	end	width	strand	pvalue	num.events
J85_Chr01	61068	3304820	3243753	*	0	209
J85_Chr01	3865759	4065758	200000	*	0.0176953125	6
J85_Chr01	21367336	21820981	453646	*	0.000347656249999995	21
J85_Chr01	24411089	24611088	200000	*	0.04808203125	7
J85_Chr01	35317869	36025160	707292	*	0.02241796875	21
J85_Chr01	36839746	45156418	8316673	*	0	309
J85_Chr01	47492880	47946525	453646	*	0.015400390625	16
J85_Chr01	51804863	52512154	707292	*	0.00491601562499999	24
J85_Chr01	53073093	53526738	453646	*	0.0233203125	16
J85_Chr01	82749681	82949680	200000	*	0.044314453125	6
J85_Chr01	120035650	125054924	5019275	*	0	392
J85_Chr01	125615863	126830447	1214585	*	0	57
J85_Chr01	127898678	128422296	523619	*	0	32
J85_Chr02	1	2548278	2548278	*	0	120
J85_Chr02	2817244	3486208	668965	*	5.07812500000204e-05	23
J85_Chr02	32362060	33031024	668965	*	3.12500000000382e-05	23
J85_Chr02	36817230	37251712	434483	*	0.010046875	12
J85_Chr02	51589638	52493085	903448	*	0.00350390624999997	21
J85_Chr02	53465499	55541360	2075862	*	0	65
J85_Chr02	57451705	57886186	434482	*	0.015794921875	11
J85_Chr02	62610323	63279287	668965	*	0.00345117187499999	18
J85_Chr02	70348251	71017215	668965	*	0.000144531250000024	20
J85_Chr02	78789627	79927557	1137931	*	0.01017578125	26
J85_Chr02	81368936	83913762	2544827	*	0.000123046874999977	62
J85_Chr02	85355141	86493071	1137931	*	0.00064062499999995	34
J85_Chr02	91217208	91886172	668965	*	0.0038828125	18
J85_Chr02	105286168	106424098	1137931	*	1.17187499999449e-05	33
J85_Chr02	106927547	107362028	434482	*	0.024287109375	11
J85_Chr02	108099960	108299959	200000	*	0.00700000000000001	9
J85_Chr02	110444786	110879268	434483	*	0.0298359375	8
J85_Chr02	114196509	114396508	200000	*	0.035744140625	6
J85_Chr02	115368922	116037887	668966	*	0.00202734375000002	16
J85_Chr02	117010301	118617196	1606896	*	1.17187499999449e-05	38
J85_Chr03	217453	4262105	4044653	*	0	249
J85_Chr03	5540818	9289728	3748911	*	0	186
J85_Chr03	18553490	18753489	200000	*	0.026591796875	5
J85_Chr03	41917150	42117149	200000	*	0.048609375	4
J85_Chr03	47536258	47736257	200000	*	0.036060546875	7
J85_Chr03	49310714	50102198	791485	*	0.00046093749999998	28
J85_Chr03	51972396	52763881	791486	*	1.95312499995381e-06	31
J85_Chr03	55521307	64889325	9368019	*	0	365
J85_Chr03	78293482	78493481	200000	*	0.03656640625	7
J85_Chr03	79476452	79972194	495743	*	0.00989843749999997	18
J85_Chr03	83321105	83816847	495743	*	0.04201953125	11
J85_Chr03	84504075	86478530	1974456	*	2.92968749999734e-05	64
J85_Chr03	87165758	89140212	1974455	*	5.85937499997247e-06	63
J85_Chr03	129456941	129656940	200000	*	0.0308046875	6
J85_Chr03	130639911	131135653	495743	*	0.00216015624999999	14
J85_Chr03	132414366	132910108	495743	*	0.022302734375	15
J85_Chr03	138920702	139120701	200000	*	0.021431640625	3
J85_Chr03	145131295	145627037	495743	*	0.00938476562500001	17
J85_Chr03	146314265	148880205	2565941	*	0	89
J85_Chr03	149271691	149954755	683065	*	0	46
J85_Chr04	155908	854348	698441	*	0.000525390625000011	22
J85_Chr04	1651231	6337199	4685969	*	0	284
J85_Chr04	37289760	37489759	200000	*	0.03390234375	2
J85_Chr04	41028068	41726508	698441	*	0.000730468750000046	26
J85_Chr04	42523391	43221831	698441	*	0.000365234375000023	29
J85_Chr04	44018714	44218713	200000	*	0.04248046875	6
J85_Chr04	44517154	45963256	1446103	*	0.000306640624999965	51
J85_Chr04	47258580	50449225	3190646	*	0.000455078125000008	114
J85_Chr04	52741430	53439870	698441	*	0.00520117187500002	24
J85_Chr04	58224281	60916485	2692205	*	0.000171875000000044	92
J85_Chr04	62461029	63159469	698441	*	0.000126953124999996	30
J85_Chr04	63707132	64405572	698441	*	0.00389843749999996	24
J85_Chr04	66448557	66897777	449221	*	0.0286015625	15
J85_Chr04	69439203	69888422	449220	*	0.0334589843749999	17
J85_Chr04	71931408	72879068	947661	*	0.000572265625000012	34
J85_Chr04	73177510	73875950	698441	*	0.03158203125	24
J85_Chr04	75669715	77365037	1695323	*	0.000107421875000013	59
J85_Chr04	81900227	82100226	200000	*	0.022208984375	7
J85_Chr04	118535638	120230960	1695323	*	0	85
J85_Chr04	121027843	121975503	947661	*	9.76562499999112e-06	44
J85_Chr04	123270827	125713811	2442985	*	0.000130859375000014	87
J85_Chr05	177403	1404873	1227471	*	0.00183007812500002	45
J85_Chr05	11685081	12090575	405495	*	0.02583203125	12
J85_Chr05	37166370	37982851	816482	*	0	40
J85_Chr05	67168531	67574025	405495	*	0.00129687499999998	20
J85_Chr05	69839957	70245450	405494	*	0.00715429687500002	16
J85_Chr05	71483911	72094898	610988	*	0.00757031249999995	19
J85_Chr05	81142141	81753128	610988	*	0.00634570312500005	19
J85_Chr05	82169612	82780600	610989	*	0	32
J85_Chr05	87512463	88123450	610988	*	0.02130078125	21
J85_Chr05	91005865	92233336	1227472	*	0	89
J85_Chr05	92444325	93877290	1432966	*	0	85
J85_Chr05	94704762	100453106	5748345	*	0	360
J85_Chr05	100869590	103863025	2993436	*	0	180
J85_Chr06	1	2717663	2717663	*	0	151
J85_Chr06	5435238	5926995	491758	*	0.00985742187500005	17
J85_Chr06	6894026	7385782	491757	*	0.00620703124999999	14
J85_Chr06	24982988	25182987	200000	*	0.011419921875	6
J85_Chr06	25858260	26641774	783515	*	0.00247851562500001	22
J85_Chr06	29942864	31601651	1658788	*	0.00211523437500005	44
J85_Chr06	32568681	34810982	2242302	*	0.00243164062500001	54
J85_Chr06	37236801	37436800	200000	*	0.0404609375	2
J85_Chr06	38403830	39770859	1367030	*	0.01870703125	29
J85_Chr06	40737890	41521404	783515	*	0.00493945312499999	20
J85_Chr06	43363707	44147221	783515	*	9.76562499999112e-06	27
J85_Chr06	55617520	55817519	200000	*	0.02126953125	4
J85_Chr06	57951579	59026851	1075273	*	0.00394335937500001	26
J85_Chr06	60285639	61069153	783515	*	8.59374999999662e-05	26
J85_Chr06	62911456	63986727	1075272	*	9.76562499999112e-06	31
J85_Chr06	81875690	82367447	491758	*	0.00136523437500002	18
J85_Chr06	85376780	85868536	491757	*	0.02094921875	14
J85_Chr06	89753142	91120170	1367029	*	0.000369140625000042	41
J85_Chr06	93837746	95496532	1658787	*	0	134
J85_Chr06	96463563	96955319	491757	*	0.000287109374999983	19
J85_Chr06	113677252	114169009	491758	*	0.0250546875	13
J85_Chr06	145478814	145678813	200000	*	0.034541015625	5
J85_Chr06	146062329	147902993	1840665	*	0	73
J85_Chr07	616852	1251881	635030	*	0.00158398437499996	28
J85_Chr07	1704427	2992002	1287576	*	0.000273437499999973	51
J85_Chr07	3662063	4514607	852545	*	0	46
J85_Chr07	11492604	12562663	1070060	*	0	53
J85_Chr07	13450239	13867753	417515	*	0.000589843750000041	23
J85_Chr07	15190360	16260419	1070060	*	0.000111328125000032	47
J85_Chr07	18018055	18435569	417515	*	0.012515625	16
J85_Chr07	39117013	39317012	200000	*	0.03960546875	5
J85_Chr07	41074649	41709678	635030	*	0.000181640625000035	26
J85_Chr07	49122705	50192764	1070060	*	1.95312499999822e-05	51
J85_Chr07	54125551	54978095	852545	*	0	63
J85_Chr07	68481543	78034689	9553147	*	0	639
J85_Chr07	96323468	97176012	852545	*	0	41
J85_Chr07	104371524	105441583	1070060	*	0	50
J85_Chr07	105894129	106746673	852545	*	0	43
J85_Chr07	108069280	109791884	1722605	*	0	76
J85_Chr08	1026251	3799576	2773326	*	0	89
J85_Chr08	4743277	5801051	1057775	*	0	31
J85_Chr08	7030678	9518077	2487400	*	0	96
J85_Chr08	26187657	28103206	1915550	*	0.000138671875000052	46
J85_Chr08	28760982	32678007	3917026	*	0	124
J85_Chr08	36766884	37252808	485925	*	0.01720703125	12
J85_Chr08	49347587	50405361	1057775	*	0.000267578125000001	25
J85_Chr08	51063137	52120911	1057775	*	0.00258984375000004	24
J85_Chr08	58783114	58983113	200000	*	0.032814453125	3
J85_Chr08	60498664	61270513	771850	*	0.00355859375000001	17
J85_Chr08	62214214	62414213	200000	*	0.023263671875	4
J85_Chr08	63071990	63843839	771850	*	0.00367382812499994	17
J85_Chr08	64215690	64987539	771850	*	5.85937499997247e-06	22
J85_Chr08	65645315	66417164	771850	*	0.000103515624999995	20
J85_Chr08	66789015	69276415	2487401	*	0.000222656249999953	50
J85_Chr08	70220116	70706040	485925	*	0.00015234374999995	13
J85_Chr08	81371193	82428968	1057776	*	2.34375000000009e-05	27
J85_Chr08	84230444	86431918	2201475	*	0.00021679687499998	51
J85_Chr08	128548828	129320678	771851	*	0	44
J85_Chr08	137984355	138184354	200000	*	0.01098046875	4
J85_Chr08	139413981	140185830	771850	*	0.000853515625000023	20
J85_Chr08	141129531	144760631	3631101	*	0	120
J85_Chr09	647744	1425331	777588	*	0	55
J85_Chr09	1802920	2002919	200000	*	0.03932421875	10
J85_Chr09	29527145	30112203	585059	*	0.000523437499999946	39
J85_Chr09	62449662	66500248	4050587	*	0	1525
J85_Chr09	81510067	82480183	970117	*	0	81
J85_Chr09	91714122	92684238	970117	*	0	68
J85_Chr09	95949767	97182897	1233131	*	0	121
J85_Chr10	36273	783750	747478	*	9.76562499999112e-06	27
J85_Chr10	3047404	3521143	473740	*	0.034326171875	16
J85_Chr10	3868622	4342360	473739	*	0.00746875000000002	16
J85_Chr10	10438364	11733320	1294957	*	0	55
J85_Chr10	12628278	12828277	200000	*	0.0337031249999999	2
J85_Chr10	42465856	43487073	1021218	*	0	79
J85_Chr10	44382031	45129509	747479	*	0	34
J85_Chr10	46571945	47045683	473739	*	0.00460742187499996	13
J85_Chr10	48214381	48688119	473739	*	0.00266601562500002	13
J85_Chr10	51772991	52246729	473739	*	0.000289062500000048	17
J85_Chr10	54510383	55805339	1294957	*	0	56
J85_Chr10	56700297	57721514	1021218	*	0.007638671875	28
J85_Chr10	100498577	100698576	200000	*	0.046958984375	7
J85_Chr10	101046056	101519794	473739	*	0.014947265625	13
J85_Chr10	102688491	105352144	2663654	*	0.000650390625000052	71
J85_Chr10	111721887	111921886	200000	*	0.00739453125	2
J85_Chr10	113090583	113564321	473739	*	0.00094921874999998	16
J85_Chr10	119934064	120681542	747479	*	0	37
J85_Chr10	121576500	123418934	1842435	*	0	82
J85_Chr10	124861371	125061370	200000	*	0.019138671875	7
J85_Chr10	130062416	131083633	1021218	*	0	48
J85_Chr10	131978591	133273547	1294957	*	0	56
J85_Chr10	134442244	135189722	747479	*	0	31
J85_Chr10	135537201	138877494	3340294	*	0	252
J85_Chr11	52925	2499780	2446856	*	0	161
J85_Chr11	2861495	4746637	1885143	*	0	122
J85_Chr11	5389209	6431779	1042571	*	1.95312499995381e-06	32
J85_Chr11	6793494	7555207	761714	*	0.000937500000000036	27
J85_Chr11	8478636	8959492	480857	*	3.90625000001865e-06	27
J85_Chr11	10725492	13453205	2727714	*	0	184
J85_Chr11	27576914	27776913	200000	*	0.0330175781249999	3
J85_Chr11	28700342	29181198	480857	*	0.00969726562499995	14
J85_Chr11	30104628	30866341	761714	*	0.000156249999999969	24
J85_Chr11	34036626	35079196	1042571	*	0.00588085937500005	30
J85_Chr11	37126053	39853766	2727714	*	0	98
J85_Chr11	40777195	44628335	3851141	*	3.90625000001865e-06	124
J85_Chr11	83467464	83667463	200000	*	0.03541015625	7
J85_Chr11	94982602	95463458	480857	*	0.0208515625	10
J85_Chr11	100599743	100799742	200000	*	0.03155859375	5
J85_Chr11	108463740	108663739	200000	*	0.0131484375000001	5
J85_Chr11	115204309	115404308	200000	*	0.0430839843750001	5
J85_Chr11	117451165	119055449	1604285	*	0	55
J85_Chr11	136830300	139558013	2727714	*	0	95
J85_Chr11	141043156	142535266	1492111	*	0	93
J85_Chr12	1	2944023	2944023	*	0	90
J85_Chr12	5443818	6625560	1181743	*	0	37
J85_Chr12	7161869	7607304	445436	*	0.00604296874999999	12
J85_Chr12	8879919	9079918	200000	*	0.018041015625	3
J85_Chr12	11334277	12025148	690872	*	3.90625000001865e-06	21
J85_Chr12	12561456	14970378	2408923	*	0	106
J85_Chr12	17224737	17915607	690871	*	0.0228203125000001	15
J85_Chr12	19433659	20369965	936307	*	0.00204296874999998	21
J85_Chr12	22869760	23315195	445436	*	0.00356445312499998	10
J85_Chr12	25078682	25769553	690872	*	0.000291015625000002	17
J85_Chr12	28514784	30678269	2163486	*	2.53906249999547e-05	48
J85_Chr12	112944700	113144699	200000	*	0.0353515625	6
J85_Chr12	114662751	115353622	690872	*	1.75781250000284e-05	19
J85_Chr12	119080596	124189311	5108716	*	0	211
J85_Chr13	2036871	2509649	472779	*	0.0143925781250001	13
J85_Chr13	4219102	4964658	745557	*	0	32
J85_Chr13	5310217	6601332	1291116	*	0	56
J85_Chr13	7492448	11238573	3746126	*	0	249
J85_Chr13	11856910	12875246	1018337	*	0	42
J85_Chr13	14311920	15875813	1563894	*	0	77
J85_Chr13	22222507	22695285	472779	*	0.000449218750000036	18
J85_Chr13	55228751	57065423	1836673	*	0.010611328125	52
J85_Chr13	57683761	58974875	1291115	*	0	45
J85_Chr13	59865992	60065991	200000	*	0.04171484375	5
J85_Chr13	61229886	62521001	1291116	*	0.00029492187500002	42
J85_Chr13	62866559	66067126	3200568	*	0	114
J85_Chr13	72141041	72613819	472779	*	0.0108125	16
J85_Chr13	73232157	73977713	745557	*	0.02453125	21
J85_Chr13	78687734	79433291	745558	*	0.000701171874999962	27
J85_Chr13	80324407	86525541	6201135	*	0	261
J85_Chr13	100237265	100437264	200000	*	0.032103515625	9
J85_Chr13	117695113	117895112	200000	*	0.0196464843750001	6
J85_Chr13	118513449	118986227	472779	*	0.00023046874999999	18
J85_Chr13	120150123	121168458	1018336	*	0.000386718749999959	36
J85_Chr13	121514017	122259574	745558	*	0.000169921874999979	26
J85_Chr13	136244076	137807970	1563895	*	0	67
