seqnames	start	end	width	strand	pvalue	num.events
HC04_A01	548000	983969	435970	*	0.0167070312499999	57
HC04_A01	2671736	8771004	6099269	*	0	1103
HC04_A01	35943611	36379580	435970	*	0.026767578125	40
HC04_A01	38539289	38739288	200000	*	0.02520703125	21
HC04_A01	41370938	41570937	200000	*	0.01980859375	27
HC04_A01	43494674	43930644	435971	*	0.00767382812499995	49
HC04_A01	44910499	45346469	435971	*	0.018638671875	52
HC04_A01	46090352	48650059	2559708	*	0	315
HC04_A01	49865884	50773796	907913	*	0.00223437500000001	105
HC04_A01	52697533	54313357	1615825	*	7.8125000000373e-06	190
HC04_A01	56473065	56909035	435971	*	0.00107226562499996	57
HC04_A01	57888889	58796801	907913	*	0	115
HC04_A01	59776655	63752186	3975532	*	0	469
HC04_A01	65911895	68943542	3031648	*	0	569
HC04_A01	71339222	73662957	2323736	*	1.36718750000098e-05	276
HC04_A01	75586695	76494606	907912	*	7.22656249999565e-05	114
HC04_A01	77474461	78854314	1379854	*	0	175
HC04_A01	80306110	80506109	200000	*	0.02419921875	26
HC04_A01	81957905	82629845	671941	*	0.00159765624999997	84
HC04_A01	83137759	83573728	435970	*	0.00290039062500003	55
HC04_A01	86441349	87113289	671941	*	0.00126953124999996	81
HC04_A01	90924793	91124792	200000	*	0.04003515625	22
HC04_A01	114993808	115901720	907913	*	1.36718750000098e-05	115
HC04_A01	117589487	118261427	671941	*	0.000292968749999956	80
HC04_A02	1	5937225	5937225	*	0	546
HC04_A02	6595500	9155751	2560252	*	0.00179296875000001	171
HC04_A02	19040466	19455033	414568	*	0.00108398437500001	35
HC04_A02	21400718	21600717	200000	*	0.0370742187500001	15
HC04_A02	22473560	23531833	1058274	*	0.010177734375	74
HC04_A02	33416548	34045683	629136	*	9.76562499999112e-06	58
HC04_A02	36849642	37907914	1058273	*	0	130
HC04_A02	78475908	78890475	414568	*	0.00834179687500003	29
HC04_A02	84912959	85327527	414569	*	0.0119765625	32
HC04_A02	91135442	91550010	414569	*	0.02908203125	34
HC04_A02	95212242	97128788	1916547	*	1.95312499995381e-06	158
HC04_A02	98645336	99059903	414568	*	0.00575390625000005	33
HC04_A02	99932746	101634724	1701979	*	0	209
HC04_A02	101863861	108450422	6586562	*	0	685
HC04_A03	203250	6682526	6479277	*	0	790
HC04_A03	6931047	8700865	1769819	*	0.000244140625	157
HC04_A03	9173646	9822165	648520	*	2.14843750000471e-05	59
HC04_A03	21283681	21483680	200000	*	0.0323203125	20
HC04_A03	28235738	28659997	424260	*	0.01291015625	40
HC04_A03	30926857	32248156	1321300	*	0.000240234374999981	117
HC04_A03	32720936	33593715	872780	*	0.000228515625000036	78
HC04_A03	34290756	35163534	872779	*	1.95312499995381e-06	78
HC04_A03	35636315	36284834	648520	*	1.17187499999449e-05	65
HC04_A03	40345773	42564111	2218339	*	0	283
HC04_A03	47522090	48619129	1097040	*	0.001197265625	95
HC04_A03	60304905	60729164	424260	*	0.0264140625	37
HC04_A03	86543314	86967573	424260	*	0.021236328125	36
HC04_A03	91477032	91901291	424260	*	0.00176367187500004	42
HC04_A03	94840931	95489450	648520	*	0.000121093750000023	61
HC04_A03	100671688	101768727	1097040	*	0.0109140625	85
HC04_A03	104932627	106702445	1769819	*	0	172
HC04_A03	107175226	107599485	424260	*	0.03403515625	33
HC04_A03	107848005	111411903	3563899	*	0	324
HC04_A03	111884684	113408019	1523336	*	0	187
HC04_A04	8423	3923929	3915507	*	0	458
HC04_A04	4254716	6224004	1969289	*	0	205
HC04_A04	6377863	9408725	3030863	*	0	808
HC04_A04	10270299	10470298	200000	*	0.041076171875	21
HC04_A04	10978015	11354943	376929	*	0.01028515625	34
HC04_A04	34863417	36478847	1615431	*	0	213
HC04_A04	79449501	80003357	553857	*	0.01273828125	43
HC04_A04	81572647	82480362	907716	*	0.000249999999999972	72
HC04_A04	82811150	89203660	6392511	*	0	566
HC04_A05	642426	3302334	2659909	*	1.17187499999449e-05	248
HC04_A05	5562244	7104011	1541768	*	0.000417968749999997	134
HC04_A05	9140292	9340291	200000	*	0.033037109375	18
HC04_A05	9811177	10682060	870884	*	0.000224609375000018	79
HC04_A05	12047457	12918340	870884	*	0.00682031250000004	73
HC04_A05	13389226	15601877	2212652	*	0	245
HC04_A05	16743646	16943645	200000	*	0.0439804687499999	16
HC04_A05	20321695	21639835	1318141	*	6.44531250000302e-05	123
HC04_A05	22557976	22981603	423628	*	0.010181640625	45
HC04_A05	24123372	24994255	870884	*	7.8125000000373e-06	84
HC04_A05	26806909	27006908	200000	*	0.025255859375	22
HC04_A05	30384958	31032213	647256	*	0.000326171874999948	58
HC04_A05	31726726	34610262	2883537	*	0	277
HC04_A05	38211940	38859195	647256	*	0.00154492187499999	55
HC04_A05	39106452	40200963	1094512	*	0.000222656249999953	100
HC04_A05	56773069	58538464	1765396	*	0	280
HC04_A05	61916514	62116513	200000	*	0.041869140625	26
HC04_A05	70190752	71285263	1094512	*	0	154
HC04_A05	72427033	72850660	423628	*	0.00804101562500004	42
HC04_A05	80701271	82243038	1541768	*	0.00115624999999997	132
HC04_A05	96355235	96555234	200000	*	0.00505078125000002	18
HC04_A05	98591515	99015142	423628	*	0.00724804687500002	39
HC04_A05	101722308	101922307	200000	*	0.00352148437499999	24
HC04_A05	107760266	113074602	5314337	*	0	527
HC04_A06	1588018	2800990	1212973	*	2.34375000000009e-05	143
HC04_A06	3107477	3307476	200000	*	0.047615234375	26
HC04_A06	20328004	20528003	200000	*	0.04237109375	19
HC04_A06	21340976	21794218	453243	*	0.0172421875	46
HC04_A06	22353948	23313676	959729	*	0.000156249999999969	109
HC04_A06	31470697	31923940	453244	*	0.01223046875	52
HC04_A06	43879607	44332849	453243	*	0.019982421875	52
HC04_A06	47171766	47371765	200000	*	0.019771484375	27
HC04_A06	48944467	51423654	2479188	*	0	400
HC04_A06	51983384	53702841	1719458	*	0	534
HC04_A06	54515814	55222299	706486	*	0.00211132812500003	77
HC04_A06	56035273	56235272	200000	*	0.02071484375	25
HC04_A06	59580675	59780674	200000	*	0.039078125	24
HC04_A06	66418237	66618236	200000	*	0.00192382812500003	37
HC04_A06	67431210	68390938	959729	*	0	123
HC04_A06	68697425	73709042	5011618	*	0	775
HC04_A06	74775258	75734986	959729	*	0.000177734375000016	112
HC04_A06	76041473	76494715	453243	*	0.01799609375	56
HC04_A06	78827147	83332277	4505131	*	0	502
HC04_A06	97820375	98020374	200000	*	0.00889062500000004	23
HC04_A06	103644965	104098207	453243	*	0.00483398437500004	49
HC04_A06	105164423	105617665	453243	*	0.0108828125	53
HC04_A06	106177395	106630637	453243	*	0.00119921874999995	54
HC04_A06	123904408	125877108	1972701	*	0.000181640625000035	214
HC04_A06	127196568	128156296	959729	*	9.76562499999112e-06	101
HC04_A07	84706	5769489	5684784	*	0	541
HC04_A07	6353031	6553030	200000	*	0.03752734375	19
HC04_A07	8899538	9883077	983540	*	8.78906250000311e-05	85
HC04_A07	10466619	11254274	787656	*	5.85937499997247e-06	71
HC04_A07	13796667	16151402	2354736	*	0	230
HC04_A07	18497911	18893795	395885	*	0.022921875	35
HC04_A07	24178580	24966235	787656	*	0.000484374999999981	69
HC04_A07	27312743	27708627	395885	*	0.036810546875	28
HC04_A07	30251020	30646904	395885	*	0.017548828125	35
HC04_A07	38478197	38874081	395885	*	0.025294921875	32
HC04_A07	50231306	51018961	787656	*	7.8125000000373e-06	65
HC04_A07	61200875	62380300	1179426	*	0	143
HC04_A07	84902979	85298863	395885	*	0.012212890625	37
HC04_A07	86861831	89216567	2354737	*	0	488
HC04_A07	91954845	94113696	2158852	*	0.00330273437499995	157
HC04_A07	94697237	94897236	200000	*	0.045017578125	21
HC04_A07	96460204	97639628	1179425	*	0	116
HC04_A07	98027285	98898484	871200	*	0.00017968749999997	84
HC04_A08	55581	4000357	3944777	*	0	439
HC04_A08	4549313	8244437	3695125	*	7.8125000000373e-06	317
HC04_A08	8543741	9243044	699304	*	2.92968749999734e-05	63
HC04_A08	12288518	12488517	200000	*	0.037751953125	15
HC04_A08	21026330	21475981	449652	*	0.003267578125	34
HC04_A08	26768320	27217971	449652	*	0.000494140624999972	47
HC04_A08	29514490	30213792	699303	*	0.000289062500000048	57
HC04_A08	35006829	35456479	449651	*	0.0256015625	35
HC04_A08	40998471	41198470	200000	*	0.038376953125	19
HC04_A08	42246730	42446729	200000	*	0.043494140625	21
HC04_A08	45991506	46191505	200000	*	0.028951171875	12
HC04_A08	51983149	52183148	200000	*	0.024619140625	18
HC04_A08	53481059	55178969	1697911	*	2.53906249999547e-05	146
HC04_A08	61719568	61919567	200000	*	0.021431640625	16
HC04_A08	66462951	67661557	1198607	*	5.85937499997247e-06	109
HC04_A08	73203549	73653200	449652	*	0.02068359375	32
HC04_A08	75450415	77647628	2197214	*	0	264
HC04_A08	78446236	78646235	200000	*	0.0407421875	9
HC04_A08	81941361	82141360	200000	*	0.033763671875	21
HC04_A08	85935789	86385440	449652	*	0.014376953125	33
HC04_A08	91428128	91877779	449652	*	0.00715429687500002	38
HC04_A08	94174298	94623948	449651	*	0.0150546875000001	43
HC04_A08	106906538	107356188	449651	*	0.00880078124999994	37
HC04_A08	109403055	109852706	449652	*	0.00652734374999997	38
HC04_A08	119638778	121087036	1448259	*	1.36718750000098e-05	120
HC04_A08	123383554	123833205	449652	*	0.00483984375000002	36
HC04_A08	124132510	126329723	2197214	*	7.42187500000213e-05	170
HC04_A09	1906525	2454059	547535	*	0.00131054687499998	59
HC04_A09	6772012	7145778	373767	*	0.00763476562499998	47
HC04_A09	10768662	11316196	547535	*	0.00731250000000006	61
HC04_A09	21194706	21568472	373767	*	0.029814453125	45
HC04_A09	58380928	62230043	3849116	*	0	2084
HC04_A09	66374229	68138134	1763906	*	0	317
HC04_A09	81318225	82213293	895069	*	0.000210937500000008	103
HC04_A09	82534596	82908363	373768	*	0.00575781249999996	44
HC04_A09	87052549	87595469	542921	*	0	93
HC04_A10	237250	2072437	1835188	*	0	304
HC04_A10	3741225	4642019	900795	*	0	102
HC04_A10	6077208	6277207	200000	*	0.00053906250000002	31
HC04_A10	23129885	23329884	200000	*	0.04715625	28
HC04_A10	25933065	26366662	433598	*	0.00195703125000002	47
HC04_A10	27334655	27534654	200000	*	0.044625	18
HC04_A10	29670638	30104235	433598	*	0.0413359375	41
HC04_A10	38313776	39214570	900795	*	1.95312499999822e-05	99
HC04_A10	41584152	42017749	433598	*	0.00916015625	44
HC04_A10	42284947	43419339	1134393	*	0	283
HC04_A10	44153733	45054527	900795	*	0	113
HC04_A10	45555323	46689716	1134394	*	0.000470703124999972	115
HC04_A10	47891307	50660887	2769581	*	0	613
HC04_A10	67980762	68414359	433598	*	0.00560546875000001	45
HC04_A10	69849548	70049547	200000	*	0.03471484375	22
HC04_A10	92508585	92708584	200000	*	0.01653515625	21
HC04_A10	106057287	106958081	900795	*	0.00227539062500004	86
HC04_A10	108393270	108593269	200000	*	0.0496171875	18
HC04_A10	112130843	117937202	5806360	*	0	734
HC04_A11	1024083	1715430	691348	*	0.00543164062500001	70
HC04_A11	18712622	19158295	445674	*	0.00174023437500004	54
HC04_A11	22152060	22597733	445674	*	0.01978515625	48
HC04_A11	49176217	50113238	937022	*	0.00133398437499999	98
HC04_A11	50404587	50850260	445674	*	0.01870703125	47
HC04_A11	52615655	53552676	937022	*	2.14843750000471e-05	105
HC04_A11	58266160	59694530	1428371	*	0.000658203124999979	151
HC04_A11	65636385	69521496	3885112	*	1.95312499995381e-06	424
HC04_A11	69812845	70504193	691349	*	0.00141406249999998	74
HC04_A11	70795542	79348462	8552921	*	0	1263
HC04_A11	80131160	81805203	1674044	*	0	190
HC04_A11	82833575	83033574	200000	*	0.00940624999999995	27
HC04_A11	85290317	85735990	445674	*	0.00245312499999994	46
HC04_A11	87992732	88684080	691349	*	0.00218750000000001	78
HC04_A11	96591328	97037001	445674	*	6.24999999999654e-05	61
HC04_A11	104452900	105635596	1182697	*	5.85937499997247e-06	141
HC04_A11	113542844	114234191	691348	*	0.00410937499999997	71
HC04_A11	115262563	119639023	4376461	*	0	533
HC04_A11	120913069	123569809	2656741	*	0	347
HC04_A12	169910	2529404	2359495	*	0	216
HC04_A12	4057001	4472949	415949	*	0.000789062499999993	41
HC04_A12	6216496	6848394	631899	*	0.00777734375000005	46
HC04_A12	14638525	14838524	200000	*	0.039681640625	24
HC04_A12	26299798	28659292	2359495	*	0	217
HC04_A12	29970939	30386887	415949	*	0.01579296875	35
HC04_A12	30834737	31034736	200000	*	0.028228515625	18
HC04_A12	32778282	33410180	631899	*	0.00032226562500004	54
HC04_A12	34073979	36217524	2143546	*	0	298
HC04_A12	37961070	38377018	415949	*	0.011734375	33
HC04_A12	62795261	63859058	1063798	*	0	111
HC04_A12	71649190	73360835	1711646	*	0	204
HC04_A12	84822108	85454006	631899	*	0.00249804687499999	44
HC04_A12	96699330	96899329	200000	*	0.0239609374999999	23
HC04_A12	99074774	99706672	631899	*	0.00113867187500005	47
HC04_A12	102098067	109156372	7058306	*	0	700
HC04_A13	328794	1418394	1089601	*	0	117
HC04_A13	1885596	3419997	1534402	*	0.00507421875000003	149
HC04_A13	19010419	19210418	200000	*	0.043671875	20
HC04_A13	20344820	20544819	200000	*	0.015619140625	24
HC04_A13	21679222	21879221	200000	*	0.012275390625	29
HC04_A13	23458424	25437626	1979203	*	0	233
HC04_A13	26127228	27439228	1312001	*	0.000183593749999988	133
HC04_A13	30575234	30997633	422400	*	0.01886328125	41
HC04_A13	33466438	38781643	5315206	*	0	746
HC04_A13	40138446	40783246	644801	*	0.000927734375000044	61
HC04_A13	50813660	51903261	1089602	*	0.00342382812499997	106
HC04_A13	53704864	54572064	867201	*	0.000533203125000048	88
HC04_A13	54816866	55239265	422400	*	0.0136640625	43
HC04_A13	59709672	61688873	1979202	*	0.000601562499999986	196
HC04_A13	63490477	64357677	867201	*	0	101
HC04_A13	66381681	68138482	1756802	*	0	188
HC04_A13	69272885	69472884	200000	*	0.035423828125	20
HC04_A13	77946496	78813696	867201	*	0.000642578125000015	92
HC04_A13	80615299	81037699	422401	*	0.016259765625	47
HC04_A13	82616902	83484102	867201	*	0.000371093749999996	89
HC04_A13	101520927	101943326	422400	*	0.026287109375	48
HC04_A13	107080934	109060135	1979202	*	0	228
HC04_A13	111528940	111728939	200000	*	0.046861328125	20
