Chr	Start	End	Ghlatifolium	Ghmariegalante	Ghmorrilli	Ghpalmeri	Ghpunctatum	Ghpurpurascen	Ghrichmondi	Ghyucatanense	windowClass
HC04_A01	0	1000000	12	2	0	16	6	0	0	0	At_specific
HC04_A01	6000000	7000000	9	10	0	5	1	0	0	5	At_specific
HC04_A01	11000000	12000000	0	0	0	0	0	0	10	0	At_specific
HC04_A01	17000000	18000000	8	0	0	0	17	0	8	0	At_specific
HC04_A01	21000000	22000000	0	0	22	0	0	0	0	0	At_specific
HC04_A01	26000000	27000000	0	0	0	0	0	0	0	1	At_specific
HC04_A01	29000000	30000000	0	0	1	0	4	0	0	0	At_specific
HC04_A01	30000000	31000000	0	0	0	0	0	0	0	1	At_specific
HC04_A01	31000000	32000000	0	0	0	0	1	0	0	0	At_specific
HC04_A01	43000000	44000000	0	16	0	0	0	0	3	0	At_specific
HC04_A01	45000000	46000000	3	0	0	0	0	0	0	0	At_specific
HC04_A01	46000000	47000000	3	1	0	0	0	0	0	0	At_specific
HC04_A01	47000000	48000000	3	0	0	0	0	0	0	0	At_specific
HC04_A01	48000000	49000000	3	0	0	0	0	0	0	0	At_specific
HC04_A01	51000000	52000000	0	1	0	0	0	0	0	0	At_specific
HC04_A01	52000000	53000000	0	0	0	0	0	0	0	1	At_specific
HC04_A01	55000000	56000000	0	0	0	0	0	0	0	1	At_specific
HC04_A01	57000000	58000000	0	0	0	0	0	0	0	1	At_specific
HC04_A01	58000000	59000000	0	1	0	0	0	0	0	0	At_specific
HC04_A01	59000000	60000000	0	0	0	0	0	0	0	1	At_specific
HC04_A01	60000000	61000000	0	0	0	1	0	0	0	0	At_specific
HC04_A01	61000000	62000000	0	0	0	0	0	0	0	1	At_specific
HC04_A01	63000000	64000000	0	0	0	0	0	0	0	1	At_specific
HC04_A01	65000000	66000000	0	0	0	0	0	0	0	1	At_specific
HC04_A01	66000000	67000000	0	1	0	0	0	0	0	0	At_specific
HC04_A01	67000000	68000000	0	0	0	1	0	0	1	0	At_specific
HC04_A01	68000000	69000000	0	1	0	0	0	0	0	1	At_specific
HC04_A01	69000000	70000000	0	0	0	0	0	0	0	1	At_specific
HC04_A01	70000000	71000000	0	1	0	0	0	0	0	0	At_specific
HC04_A01	72000000	73000000	0	1	0	0	0	0	0	0	At_specific
HC04_A01	74000000	75000000	0	0	0	0	1	0	0	1	At_specific
HC04_A01	76000000	77000000	0	0	0	0	0	0	0	1	At_specific
HC04_A01	77000000	78000000	0	0	0	0	0	0	0	1	At_specific
HC04_A01	78000000	79000000	0	0	0	0	0	0	0	1	At_specific
HC04_A01	80000000	81000000	0	1	0	0	0	0	0	0	At_specific
HC04_A01	81000000	82000000	0	1	0	0	0	0	0	0	At_specific
HC04_A01	82000000	83000000	0	1	0	0	0	0	0	0	At_specific
HC04_A01	94000000	95000000	0	2	0	10	0	0	0	0	At_specific
HC04_A01	95000000	96000000	0	12	0	0	1	0	0	0	At_specific
HC04_A01	97000000	98000000	3	0	0	0	1	0	9	0	At_specific
HC04_A01	99000000	100000000	3	0	0	0	7	0	0	3	At_specific
HC04_A01	100000000	101000000	12	0	0	0	1	0	0	0	At_specific
HC04_A01	101000000	102000000	0	0	0	1	0	0	0	12	At_specific
HC04_A01	105000000	106000000	2	5	0	1	0	0	2	11	At_specific
HC04_A01	110000000	111000000	0	0	0	1	1	0	0	1	At_specific
HC04_A01	113000000	114000000	0	1	0	0	0	1	0	3	At_specific
HC04_A01	117000000	118000000	12	2	0	0	0	5	3	10	At_specific
HC04_A02	0	1000000	0	0	0	2	14	0	7	1	At_specific
HC04_A02	10000000	11000000	8	13	0	0	4	0	0	0	At_specific
HC04_A02	37000000	38000000	0	6	0	4	0	0	3	0	At_specific
HC04_A02	44000000	45000000	0	0	0	0	0	4	0	0	At_specific
HC04_A02	45000000	46000000	0	0	0	0	0	0	4	0	At_specific
HC04_A02	47000000	48000000	0	0	0	0	0	4	0	0	At_specific
HC04_A02	48000000	49000000	0	0	0	0	0	4	0	0	At_specific
HC04_A02	49000000	50000000	0	0	0	0	1	0	0	3	At_specific
HC04_A02	50000000	51000000	0	0	0	0	0	1	3	0	At_specific
HC04_A02	51000000	52000000	0	0	0	0	0	3	0	0	At_specific
HC04_A02	53000000	54000000	0	0	0	0	0	3	0	1	At_specific
HC04_A02	54000000	55000000	0	0	0	0	0	0	0	4	At_specific
HC04_A02	55000000	56000000	0	11	0	0	0	2	2	0	At_specific
HC04_A02	56000000	57000000	0	0	0	0	0	4	0	0	At_specific
HC04_A02	57000000	58000000	0	0	0	0	1	2	0	1	At_specific
HC04_A02	60000000	61000000	0	2	0	0	0	0	1	1	At_specific
HC04_A02	62000000	63000000	0	11	0	0	0	0	15	0	At_specific
HC04_A02	64000000	65000000	0	16	0	0	4	5	1	0	At_specific
HC04_A02	93000000	94000000	0	9	0	0	0	0	0	0	At_specific
HC04_A02	97000000	98000000	1	0	0	0	0	0	0	0	At_specific
HC04_A02	101000000	102000000	3	15	2	1	2	0	0	0	At_specific
HC04_A03	7000000	8000000	4	0	0	2	0	0	0	0	At_specific
HC04_A03	18000000	19000000	0	0	0	0	0	16	0	0	At_specific
HC04_A03	41000000	42000000	0	1	0	0	0	0	0	0	At_specific
HC04_A03	62000000	63000000	5	0	0	0	0	0	0	0	At_specific
HC04_A03	67000000	68000000	0	0	3	0	0	0	0	2	At_specific
HC04_A03	87000000	88000000	0	1	0	0	5	0	0	7	At_specific
HC04_A03	88000000	89000000	0	0	0	0	3	0	2	2	At_specific
HC04_A03	93000000	94000000	0	0	0	2	0	0	0	0	At_specific
HC04_A03	98000000	99000000	13	0	0	3	0	0	1	7	At_specific
HC04_A03	103000000	104000000	0	0	9	2	0	0	0	0	At_specific
HC04_A03	108000000	109000000	4	0	4	2	0	0	2	1	At_specific
HC04_A04	5000000	6000000	2	0	0	0	7	1	3	18	At_specific
HC04_A04	11000000	12000000	0	1	0	0	0	0	0	0	At_specific
HC04_A04	35000000	36000000	1	0	0	2	2	0	7	0	At_specific
HC04_A04	36000000	37000000	0	1	0	0	17	0	0	0	At_specific
HC04_A04	78000000	79000000	1	0	0	0	0	0	2	0	At_specific
HC04_A04	81000000	82000000	8	0	0	1	0	0	0	0	At_specific
HC04_A04	87000000	88000000	2	0	2	10	4	0	1	0	At_specific
HC04_A05	4000000	5000000	6	0	0	1	0	2	2	5	At_specific
HC04_A05	15000000	16000000	0	1	0	0	0	0	0	11	At_specific
HC04_A05	24000000	25000000	2	1	1	7	0	0	1	5	At_specific
HC04_A05	28000000	29000000	0	1	0	0	2	0	1	1	At_specific
HC04_A05	31000000	32000000	6	10	2	5	2	0	5	1	At_specific
HC04_A05	34000000	35000000	0	1	0	0	0	0	0	0	At_specific
HC04_A05	38000000	39000000	0	0	0	6	3	0	0	21	At_specific
HC04_A05	42000000	43000000	0	0	0	6	0	0	4	0	At_specific
HC04_A05	89000000	90000000	0	0	0	0	2	0	0	0	At_specific
HC04_A05	90000000	91000000	0	0	4	0	0	0	0	2	At_specific
HC04_A05	93000000	94000000	0	0	0	0	11	0	5	0	At_specific
HC04_A05	94000000	95000000	0	0	0	7	0	0	1	8	At_specific
HC04_A05	96000000	97000000	7	1	0	1	3	0	1	3	At_specific
HC04_A05	97000000	98000000	0	0	8	1	0	0	7	0	At_specific
HC04_A05	101000000	102000000	10	1	0	19	0	0	0	0	At_specific
HC04_A05	110000000	111000000	14	5	7	0	2	1	2	0	At_specific
HC04_A06	8000000	9000000	0	0	0	1	0	0	1	0	At_specific
HC04_A06	12000000	13000000	0	18	0	0	0	0	0	0	At_specific
HC04_A06	14000000	15000000	6	0	2	0	7	0	0	3	At_specific
HC04_A06	16000000	17000000	0	0	0	0	14	0	0	0	At_specific
HC04_A06	19000000	20000000	0	10	0	0	0	0	0	0	At_specific
HC04_A06	21000000	22000000	0	1	0	0	2	0	2	0	At_specific
HC04_A06	23000000	24000000	0	5	0	0	0	0	0	0	At_specific
HC04_A06	24000000	25000000	0	2	0	0	0	0	3	0	At_specific
HC04_A06	25000000	26000000	0	5	0	0	0	0	0	0	At_specific
HC04_A06	26000000	27000000	0	1	0	8	0	0	0	0	At_specific
HC04_A06	29000000	30000000	5	4	0	0	3	5	0	0	At_specific
HC04_A06	30000000	31000000	6	0	0	0	2	5	0	0	At_specific
HC04_A06	33000000	34000000	2	14	0	0	1	0	0	0	At_specific
HC04_A06	35000000	36000000	0	0	0	0	8	1	4	0	At_specific
HC04_A06	37000000	38000000	0	0	0	0	6	5	4	2	At_specific
HC04_A06	38000000	39000000	0	0	3	0	5	5	0	0	At_specific
HC04_A06	40000000	41000000	3	0	0	0	0	0	14	0	At_specific
HC04_A06	42000000	43000000	0	0	0	0	14	0	3	0	At_specific
HC04_A06	43000000	44000000	1	0	5	1	0	0	10	0	At_specific
HC04_A06	44000000	45000000	0	0	0	1	13	0	0	3	At_specific
HC04_A06	45000000	46000000	2	0	0	4	8	0	3	0	At_specific
HC04_A06	46000000	47000000	8	0	1	0	2	0	6	0	At_specific
HC04_A06	47000000	48000000	2	0	0	3	13	0	0	0	At_specific
HC04_A06	48000000	49000000	1	0	0	15	0	0	1	0	At_specific
HC04_A06	50000000	51000000	6	0	0	6	0	0	0	0	At_specific
HC04_A06	52000000	53000000	6	0	0	2	0	0	1	0	At_specific
HC04_A06	53000000	54000000	3	0	1	0	4	0	0	0	At_specific
HC04_A06	61000000	62000000	3	0	0	0	4	0	0	0	At_specific
HC04_A06	72000000	73000000	1	0	0	0	0	0	0	0	At_specific
HC04_A06	81000000	82000000	0	1	0	0	0	0	0	0	At_specific
HC04_A06	84000000	85000000	0	0	2	0	0	0	1	0	At_specific
HC04_A06	90000000	91000000	0	0	0	0	2	0	0	0	At_specific
HC04_A06	94000000	95000000	5	1	0	2	0	0	1	1	At_specific
HC04_A06	97000000	98000000	0	0	0	0	0	0	0	4	At_specific
HC04_A06	98000000	99000000	0	0	0	0	1	0	0	3	At_specific
HC04_A06	100000000	101000000	0	0	0	0	2	0	0	0	At_specific
HC04_A06	101000000	102000000	0	0	0	0	0	0	0	2	At_specific
HC04_A06	103000000	104000000	0	0	0	0	1	0	0	1	At_specific
HC04_A06	106000000	107000000	3	0	0	0	0	5	0	0	At_specific
HC04_A06	107000000	108000000	8	0	0	0	0	0	0	0	At_specific
HC04_A06	109000000	110000000	0	0	0	0	2	0	0	0	At_specific
HC04_A06	120000000	121000000	3	0	0	0	2	3	2	0	At_specific
HC04_A06	127000000	128000000	0	0	1	1	9	0	0	19	At_specific
HC04_A07	0	1000000	1	7	0	2	0	0	0	0	At_specific
HC04_A07	8000000	9000000	0	2	0	0	29	0	2	0	At_specific
HC04_A07	14000000	15000000	0	0	0	0	1	0	0	4	At_specific
HC04_A07	17000000	18000000	0	0	0	0	1	0	0	16	At_specific
HC04_A07	21000000	22000000	0	0	0	3	4	0	3	0	At_specific
HC04_A07	25000000	26000000	1	2	0	0	0	0	0	0	At_specific
HC04_A07	28000000	29000000	0	0	0	0	0	3	1	3	At_specific
HC04_A07	35000000	36000000	0	0	0	4	2	0	0	0	At_specific
HC04_A07	36000000	37000000	0	0	0	0	0	0	0	2	At_specific
HC04_A07	38000000	39000000	0	1	0	0	1	0	0	0	At_specific
HC04_A07	40000000	41000000	0	0	0	0	0	0	0	2	At_specific
HC04_A07	43000000	44000000	5	0	0	0	2	0	1	0	At_specific
HC04_A07	46000000	47000000	0	0	0	0	0	1	0	1	At_specific
HC04_A07	47000000	48000000	0	0	0	0	0	2	0	0	At_specific
HC04_A07	48000000	49000000	0	0	0	0	0	0	0	2	At_specific
HC04_A07	50000000	51000000	0	0	0	0	2	0	0	0	At_specific
HC04_A07	52000000	53000000	0	0	0	0	2	0	0	0	At_specific
HC04_A07	55000000	56000000	0	0	0	0	1	0	0	1	At_specific
HC04_A07	58000000	59000000	2	0	0	0	0	0	0	0	At_specific
HC04_A07	60000000	61000000	0	0	0	0	0	0	0	2	At_specific
HC04_A07	61000000	62000000	0	2	0	0	0	0	0	0	At_specific
HC04_A07	62000000	63000000	0	0	0	0	2	0	0	0	At_specific
HC04_A07	63000000	64000000	0	1	0	0	1	0	0	0	At_specific
HC04_A07	65000000	66000000	0	1	0	0	1	0	0	0	At_specific
HC04_A07	66000000	67000000	0	0	0	0	0	0	0	2	At_specific
HC04_A07	67000000	68000000	0	0	0	0	2	0	0	0	At_specific
HC04_A07	68000000	69000000	0	0	0	0	0	0	0	2	At_specific
HC04_A07	70000000	71000000	2	0	0	0	0	0	0	0	At_specific
HC04_A07	71000000	72000000	0	0	0	0	0	2	0	0	At_specific
HC04_A07	72000000	73000000	0	0	0	0	0	2	0	0	At_specific
HC04_A07	73000000	74000000	0	0	0	0	0	1	0	1	At_specific
HC04_A07	75000000	76000000	0	0	0	0	0	0	0	2	At_specific
HC04_A07	82000000	83000000	0	0	0	0	0	0	0	2	At_specific
HC04_A07	85000000	86000000	0	0	0	0	0	0	0	22	At_specific
HC04_A07	87000000	88000000	0	2	1	1	1	0	1	2	At_specific
HC04_A07	88000000	89000000	4	2	0	18	2	1	3	3	At_specific
HC04_A07	89000000	90000000	0	0	0	0	1	0	1	6	At_specific
HC04_A07	91000000	92000000	0	0	0	7	4	0	0	16	At_specific
HC04_A08	7000000	8000000	1	0	0	0	2	0	6	0	At_specific
HC04_A08	12000000	13000000	5	30	0	0	0	0	0	0	At_specific
HC04_A08	16000000	17000000	0	11	0	0	0	0	0	0	At_specific
HC04_A08	19000000	20000000	8	0	0	0	0	0	0	0	At_specific
HC04_A08	22000000	23000000	0	0	0	0	0	1	0	0	At_specific
HC04_A08	27000000	28000000	0	0	0	1	0	0	3	0	At_specific
HC04_A08	31000000	32000000	2	0	8	5	0	0	21	0	At_specific
HC04_A08	34000000	35000000	0	25	0	0	0	0	0	0	At_specific
HC04_A08	36000000	37000000	21	9	0	0	0	0	0	0	At_specific
HC04_A08	38000000	39000000	19	0	6	0	0	0	0	0	At_specific
HC04_A08	40000000	41000000	10	0	2	0	0	0	0	0	At_specific
HC04_A08	41000000	42000000	1	8	3	0	0	0	0	0	At_specific
HC04_A08	43000000	44000000	5	7	0	0	0	0	0	0	At_specific
HC04_A08	44000000	45000000	12	0	0	0	0	0	0	0	At_specific
HC04_A08	45000000	46000000	12	0	0	0	0	0	0	0	At_specific
HC04_A08	46000000	47000000	12	0	0	0	0	0	0	0	At_specific
HC04_A08	50000000	51000000	1	5	0	0	3	1	0	1	At_specific
HC04_A08	51000000	52000000	0	0	0	0	11	0	0	0	At_specific
HC04_A08	53000000	54000000	0	9	0	0	0	2	0	0	At_specific
HC04_A08	55000000	56000000	0	3	0	0	0	8	0	0	At_specific
HC04_A08	57000000	58000000	0	5	0	0	2	2	0	2	At_specific
HC04_A08	59000000	60000000	0	0	0	1	5	5	0	0	At_specific
HC04_A08	60000000	61000000	0	11	0	0	0	0	0	0	At_specific
HC04_A08	62000000	63000000	0	8	0	0	3	0	0	0	At_specific
HC04_A08	64000000	65000000	0	0	0	0	7	0	0	4	At_specific
HC04_A08	66000000	67000000	0	5	0	0	6	0	0	0	At_specific
HC04_A08	67000000	68000000	4	7	0	0	0	0	0	0	At_specific
HC04_A08	68000000	69000000	1	1	0	0	6	3	0	0	At_specific
HC04_A08	70000000	71000000	0	5	0	2	2	0	1	1	At_specific
HC04_A08	71000000	72000000	0	7	0	0	1	3	0	0	At_specific
HC04_A08	72000000	73000000	1	2	0	0	3	1	0	4	At_specific
HC04_A08	73000000	74000000	0	0	3	7	2	2	0	0	At_specific
HC04_A08	74000000	75000000	0	11	0	0	0	0	0	0	At_specific
HC04_A08	75000000	76000000	0	5	0	1	2	3	0	0	At_specific
HC04_A08	76000000	77000000	0	3	0	0	5	3	0	1	At_specific
HC04_A08	77000000	78000000	1	5	0	0	1	4	1	0	At_specific
HC04_A08	78000000	79000000	4	1	0	3	2	1	0	0	At_specific
HC04_A08	79000000	80000000	0	8	0	0	3	0	0	0	At_specific
HC04_A08	80000000	81000000	0	7	0	0	0	4	0	0	At_specific
HC04_A08	81000000	82000000	0	1	0	0	1	4	2	3	At_specific
HC04_A08	82000000	83000000	0	0	0	0	11	0	0	0	At_specific
HC04_A08	83000000	84000000	0	0	0	0	9	2	0	0	At_specific
HC04_A08	84000000	85000000	0	11	0	0	0	0	0	0	At_specific
HC04_A08	86000000	87000000	0	0	0	0	3	0	0	8	At_specific
HC04_A08	87000000	88000000	0	9	0	0	2	0	0	0	At_specific
HC04_A08	89000000	90000000	2	0	0	0	5	4	0	0	At_specific
HC04_A08	91000000	92000000	0	0	0	0	7	4	0	0	At_specific
HC04_A08	92000000	93000000	6	0	0	5	0	0	0	0	At_specific
HC04_A08	94000000	95000000	0	6	0	0	1	1	0	3	At_specific
HC04_A08	95000000	96000000	0	6	0	0	5	0	0	0	At_specific
HC04_A08	96000000	97000000	0	11	0	0	0	0	0	0	At_specific
HC04_A08	97000000	98000000	0	1	0	0	4	2	1	3	At_specific
HC04_A08	99000000	100000000	2	5	0	4	0	0	0	0	At_specific
HC04_A08	100000000	101000000	0	7	0	0	4	0	0	0	At_specific
HC04_A08	101000000	102000000	3	8	0	0	0	0	0	0	At_specific
HC04_A08	116000000	117000000	1	0	0	12	0	0	0	0	At_specific
HC04_A08	122000000	123000000	0	0	0	0	17	0	3	0	At_specific
HC04_A09	0	1000000	29	0	0	0	4	0	0	1	At_specific
HC04_A09	4000000	5000000	0	0	3	19	1	0	0	0	At_specific
HC04_A09	12000000	13000000	0	0	0	0	6	0	0	0	At_specific
HC04_A09	16000000	17000000	3	0	0	0	0	0	0	0	At_specific
HC04_A09	24000000	25000000	10	0	1	0	0	0	0	2	At_specific
HC04_A09	26000000	27000000	0	3	0	0	4	0	0	0	At_specific
HC04_A09	30000000	31000000	0	1	0	0	6	0	15	1	At_specific
HC04_A09	32000000	33000000	0	0	0	0	0	0	21	0	At_specific
HC04_A09	36000000	37000000	0	1	0	0	0	0	0	0	At_specific
HC04_A09	40000000	41000000	0	0	0	0	0	0	2	1	At_specific
HC04_A09	41000000	42000000	1	0	18	1	2	0	0	0	At_specific
HC04_A09	47000000	48000000	0	0	0	1	4	0	0	0	At_specific
HC04_A09	48000000	49000000	0	0	0	1	0	0	4	0	At_specific
HC04_A09	49000000	50000000	0	0	0	0	0	0	5	0	At_specific
HC04_A09	52000000	53000000	0	0	1	0	0	0	5	0	At_specific
HC04_A09	53000000	54000000	0	0	0	0	5	0	0	0	At_specific
HC04_A09	57000000	58000000	2	0	0	0	0	0	2	0	At_specific
HC04_A09	59000000	60000000	0	0	0	1	25	0	4	4	At_specific
HC04_A09	60000000	61000000	1	2	1	1	11	2	4	4	At_specific
HC04_A09	61000000	62000000	1	2	3	1	13	3	5	1	At_specific
HC04_A09	67000000	68000000	2	2	0	1	7	1	5	1	At_specific
HC04_A09	68000000	69000000	0	0	5	0	0	0	0	0	At_specific
HC04_A09	77000000	78000000	11	0	0	0	15	0	0	0	At_specific
HC04_A09	82000000	83000000	2	0	12	9	10	0	0	0	At_specific
HC04_A10	5000000	6000000	6	0	0	6	0	0	1	0	At_specific
HC04_A10	8000000	9000000	0	2	0	0	0	3	0	0	At_specific
HC04_A10	20000000	21000000	0	0	0	0	0	0	6	0	At_specific
HC04_A10	22000000	23000000	2	0	1	17	0	0	0	0	At_specific
HC04_A10	26000000	27000000	0	6	0	0	0	8	0	0	At_specific
HC04_A10	29000000	30000000	0	4	0	0	0	0	0	0	At_specific
HC04_A10	36000000	37000000	0	0	12	0	0	0	0	0	At_specific
HC04_A10	42000000	43000000	0	0	1	0	5	7	0	0	At_specific
HC04_A10	48000000	49000000	3	0	3	0	1	0	0	0	At_specific
HC04_A10	73000000	74000000	9	1	0	0	2	0	4	0	At_specific
HC04_A10	75000000	76000000	14	0	0	0	0	0	6	3	At_specific
HC04_A10	76000000	77000000	3	1	0	0	0	0	2	17	At_specific
HC04_A10	81000000	82000000	0	0	0	0	0	0	3	0	At_specific
HC04_A10	83000000	84000000	5	0	0	0	0	0	0	0	At_specific
HC04_A10	87000000	88000000	0	1	0	0	13	0	10	0	At_specific
HC04_A10	90000000	91000000	0	1	0	0	0	0	0	0	At_specific
HC04_A10	91000000	92000000	1	0	0	0	0	0	0	0	At_specific
HC04_A10	105000000	106000000	7	0	14	0	0	0	1	0	At_specific
HC04_A10	111000000	112000000	4	0	0	0	7	0	5	1	At_specific
HC04_A10	117000000	118000000	0	0	6	1	8	0	9	1	At_specific
HC04_A11	1000000	2000000	7	0	16	0	0	6	0	1	At_specific
HC04_A11	11000000	12000000	0	0	0	0	13	0	0	0	At_specific
HC04_A11	16000000	17000000	4	0	0	0	0	0	0	0	At_specific
HC04_A11	19000000	20000000	0	0	0	5	14	0	1	0	At_specific
HC04_A11	47000000	48000000	3	0	0	0	0	0	0	0	At_specific
HC04_A11	65000000	66000000	1	0	0	0	0	0	0	0	At_specific
HC04_A11	67000000	68000000	0	1	0	0	0	0	0	0	At_specific
HC04_A11	70000000	71000000	0	0	0	0	1	0	0	0	At_specific
HC04_A11	71000000	72000000	0	1	0	0	0	0	0	0	At_specific
HC04_A11	72000000	73000000	0	1	0	2	0	0	1	0	At_specific
HC04_A11	73000000	74000000	0	1	1	0	0	0	0	0	At_specific
HC04_A11	74000000	75000000	0	1	0	0	0	0	0	0	At_specific
HC04_A11	75000000	76000000	0	1	0	0	0	0	0	0	At_specific
HC04_A11	76000000	77000000	0	1	0	0	0	0	0	0	At_specific
HC04_A11	77000000	78000000	0	0	0	0	0	0	0	1	At_specific
HC04_A11	79000000	80000000	0	0	0	0	0	0	0	1	At_specific
HC04_A11	80000000	81000000	0	1	0	0	0	0	0	0	At_specific
HC04_A11	81000000	82000000	0	1	0	0	0	0	0	0	At_specific
HC04_A11	83000000	84000000	0	0	0	0	0	0	0	1	At_specific
HC04_A11	87000000	88000000	0	0	0	0	0	0	0	1	At_specific
HC04_A11	89000000	90000000	0	0	0	0	1	0	0	0	At_specific
HC04_A11	90000000	91000000	0	1	0	0	0	0	0	0	At_specific
HC04_A11	92000000	93000000	0	0	0	0	0	0	4	0	At_specific
HC04_A11	94000000	95000000	0	0	0	14	0	0	3	0	At_specific
HC04_A11	96000000	97000000	0	0	0	0	0	0	2	0	At_specific
HC04_A11	97000000	98000000	0	0	0	0	0	0	2	0	At_specific
HC04_A11	100000000	101000000	0	0	0	3	0	0	0	0	At_specific
HC04_A11	107000000	108000000	0	1	1	0	0	0	4	0	At_specific
HC04_A11	110000000	111000000	0	0	0	2	0	0	2	0	At_specific
HC04_A11	122000000	123000000	21	0	0	1	1	0	11	0	At_specific
HC04_A12	4000000	5000000	2	0	1	1	4	0	0	8	At_specific
HC04_A12	7000000	8000000	1	0	16	0	2	0	2	5	At_specific
HC04_A12	11000000	12000000	0	0	0	0	0	1	0	0	At_specific
HC04_A12	14000000	15000000	5	0	0	10	5	0	0	0	At_specific
HC04_A12	35000000	36000000	4	0	0	0	0	0	0	0	At_specific
HC04_A12	36000000	37000000	0	2	0	0	0	0	0	0	At_specific
HC04_A12	42000000	43000000	0	0	0	0	0	0	1	0	At_specific
HC04_A12	62000000	63000000	0	4	0	0	0	0	1	0	At_specific
HC04_A12	63000000	64000000	21	0	0	0	0	0	0	3	At_specific
HC04_A12	73000000	74000000	3	0	0	0	0	0	0	0	At_specific
HC04_A12	78000000	79000000	0	28	0	0	0	0	0	0	At_specific
HC04_A12	82000000	83000000	0	0	0	0	4	0	0	0	At_specific
HC04_A12	88000000	89000000	13	2	10	0	0	0	0	0	At_specific
HC04_A12	93000000	94000000	1	0	0	0	0	0	6	0	At_specific
HC04_A12	97000000	98000000	0	0	1	7	0	0	8	0	At_specific
HC04_A12	104000000	105000000	4	4	1	0	1	0	4	3	At_specific
HC04_A12	107000000	108000000	9	3	0	1	1	2	0	1	At_specific
HC04_A13	2000000	3000000	4	4	0	0	11	0	2	9	At_specific
HC04_A13	12000000	13000000	0	0	0	0	2	0	0	2	At_specific
HC04_A13	14000000	15000000	8	0	0	0	0	0	4	1	At_specific
HC04_A13	35000000	36000000	0	7	0	2	4	0	0	0	At_specific
HC04_A13	37000000	38000000	0	2	0	0	0	0	0	0	At_specific
HC04_A13	57000000	58000000	2	0	0	0	9	0	0	5	At_specific
HC04_A13	58000000	59000000	0	0	0	0	0	0	0	16	At_specific
HC04_A13	59000000	60000000	0	0	0	0	2	0	0	14	At_specific
HC04_A13	60000000	61000000	0	0	0	0	12	0	0	4	At_specific
HC04_A13	61000000	62000000	0	0	0	0	16	0	0	0	At_specific
HC04_A13	62000000	63000000	0	0	0	0	5	0	0	11	At_specific
HC04_A13	63000000	64000000	0	0	0	0	7	0	0	9	At_specific
HC04_A13	65000000	66000000	0	0	0	0	6	0	0	10	At_specific
HC04_A13	68000000	69000000	2	0	0	0	33	0	0	0	At_specific
HC04_A13	71000000	72000000	0	0	0	0	16	0	0	0	At_specific
HC04_A13	73000000	74000000	0	0	0	0	29	0	0	0	At_specific
HC04_A13	74000000	75000000	0	0	0	0	29	0	0	0	At_specific
HC04_A13	75000000	76000000	0	0	0	0	2	0	27	0	At_specific
HC04_A13	78000000	79000000	0	0	0	0	0	0	27	0	At_specific
HC04_A13	80000000	81000000	0	0	0	14	13	0	0	0	At_specific
HC04_A13	84000000	85000000	23	0	0	0	0	0	0	1	At_specific
HC04_A13	85000000	86000000	0	0	17	0	0	0	0	7	At_specific
HC04_A13	96000000	97000000	0	0	0	0	1	0	0	0	At_specific
HC04_A13	100000000	101000000	0	0	0	0	0	0	2	1	At_specific
HC04_A13	105000000	106000000	5	0	0	10	0	0	1	0	At_specific
HC04_A13	109000000	110000000	0	0	0	4	0	0	0	0	At_specific
HC04_D01	0	1000000	7	2	0	0	0	0	0	11	Dt_specific
HC04_D01	26000000	27000000	0	0	0	0	0	0	1	8	Dt_specific
HC04_D01	28000000	29000000	1	0	0	0	0	0	8	0	Dt_specific
HC04_D01	29000000	30000000	0	0	0	0	5	0	2	2	Dt_specific
HC04_D01	30000000	31000000	2	0	0	0	9	0	0	1	Dt_specific
HC04_D01	31000000	32000000	5	0	4	0	0	0	0	0	Dt_specific
HC04_D02	1000000	2000000	9	11	0	5	10	1	0	0	Dt_specific
HC04_D02	35000000	36000000	3	2	0	0	0	4	3	0	Dt_specific
HC04_D02	36000000	37000000	1	12	0	0	0	0	0	0	Dt_specific
HC04_D03	25000000	26000000	0	0	0	0	1	0	0	0	Dt_specific
HC04_D03	40000000	41000000	1	0	2	0	0	0	0	0	Dt_specific
HC04_D04	1000000	2000000	15	13	0	1	0	0	2	2	Dt_specific
HC04_D04	30000000	31000000	2	0	0	0	0	0	0	0	Dt_specific
HC04_D04	31000000	32000000	0	0	0	1	0	0	0	0	Dt_specific
HC04_D04	34000000	35000000	0	0	7	2	0	0	0	0	Dt_specific
HC04_D05	43000000	44000000	0	0	0	1	1	0	0	1	Dt_specific
HC04_D05	44000000	45000000	0	2	0	0	8	0	0	0	Dt_specific
HC04_D05	56000000	57000000	0	0	0	0	2	0	0	0	Dt_specific
HC04_D06	26000000	27000000	6	0	0	1	0	0	0	0	Dt_specific
HC04_D06	30000000	31000000	4	0	0	1	1	2	2	0	Dt_specific
HC04_D06	31000000	32000000	5	0	0	2	5	1	0	2	Dt_specific
HC04_D06	35000000	36000000	0	0	0	2	0	0	0	5	Dt_specific
HC04_D07	0	1000000	4	0	2	0	0	0	3	0	Dt_specific
HC04_D07	16000000	17000000	1	2	0	15	4	0	0	6	Dt_specific
HC04_D07	17000000	18000000	1	12	0	6	4	0	0	5	Dt_specific
HC04_D07	18000000	19000000	18	7	0	0	0	0	0	3	Dt_specific
HC04_D07	27000000	28000000	0	0	0	16	0	0	1	0	Dt_specific
HC04_D07	36000000	37000000	0	0	0	0	0	1	15	1	Dt_specific
HC04_D08	33000000	34000000	1	0	0	0	2	0	1	5	Dt_specific
HC04_D08	38000000	39000000	4	2	0	0	1	0	1	0	Dt_specific
HC04_D08	39000000	40000000	0	4	0	0	0	0	0	0	Dt_specific
HC04_D08	42000000	43000000	0	1	0	0	0	3	0	0	Dt_specific
HC04_D08	43000000	44000000	1	0	0	0	0	3	0	0	Dt_specific
HC04_D08	44000000	45000000	0	1	2	0	0	1	0	0	Dt_specific
HC04_D08	45000000	46000000	0	1	0	0	3	0	0	0	Dt_specific
HC04_D08	49000000	50000000	0	0	0	0	0	0	0	12	Dt_specific
HC04_D08	50000000	51000000	1	3	0	0	6	1	0	8	Dt_specific
HC04_D08	51000000	52000000	0	3	0	0	0	3	0	6	Dt_specific
HC04_D09	4000000	5000000	5	0	2	6	0	0	0	0	Dt_specific
HC04_D09	5000000	6000000	1	0	7	1	16	1	0	0	Dt_specific
HC04_D09	17000000	18000000	1	4	0	0	3	6	1	0	Dt_specific
HC04_D09	21000000	22000000	0	1	0	0	5	0	4	3	Dt_specific
HC04_D09	22000000	23000000	0	0	0	10	3	1	2	0	Dt_specific
HC04_D09	23000000	24000000	0	0	0	6	3	2	1	1	Dt_specific
HC04_D10	39000000	40000000	0	2	0	0	0	0	0	0	Dt_specific
HC04_D10	40000000	41000000	1	0	0	0	0	0	0	0	Dt_specific
HC04_D10	63000000	64000000	0	6	5	22	2	0	0	0	Dt_specific
HC04_D11	0	1000000	1	0	0	0	2	0	0	6	Dt_specific
HC04_D11	28000000	29000000	5	0	0	0	0	0	5	0	Dt_specific
HC04_D12	14000000	15000000	0	0	0	0	0	0	1	0	Dt_specific
HC04_D12	18000000	19000000	4	0	0	1	7	1	1	0	Dt_specific
HC04_D12	19000000	20000000	2	0	0	0	0	0	0	0	Dt_specific
HC04_D12	59000000	60000000	3	0	0	7	4	0	0	4	Dt_specific
HC04_D12	63000000	64000000	5	3	0	2	1	1	17	7	Dt_specific
HC04_D13	29000000	30000000	1	0	0	0	0	0	1	0	Dt_specific
HC04_D13	30000000	31000000	0	0	0	4	3	3	0	0	Dt_specific
HC04_D13	60000000	61000000	6	0	1	0	15	0	8	0	Dt_specific
HC04_D13	63000000	64000000	0	0	3	0	0	0	0	0	Dt_specific
HC04_A01	1000000	2000000	11	1	0	18	0	0	1	1	At_conserved
HC04_A01	2000000	3000000	5	0	0	5	11	0	0	0	At_conserved
HC04_A01	3000000	4000000	1	21	5	0	1	0	0	2	At_conserved
HC04_A01	4000000	5000000	3	25	0	0	2	0	2	3	At_conserved
HC04_A01	5000000	6000000	11	3	0	8	0	0	3	0	At_conserved
HC04_A01	7000000	8000000	0	1	0	0	1	0	0	0	At_conserved
HC04_A01	8000000	9000000	2	0	30	0	1	0	0	0	At_conserved
HC04_A01	9000000	10000000	2	20	0	0	3	0	1	1	At_conserved
HC04_A01	10000000	11000000	0	12	11	1	6	0	0	2	At_conserved
HC04_A01	12000000	13000000	16	0	1	0	2	0	0	0	At_conserved
HC04_A01	13000000	14000000	0	0	0	0	1	0	1	0	At_conserved
HC04_A01	14000000	15000000	0	0	20	0	1	0	0	1	At_conserved
HC04_A01	16000000	17000000	0	0	1	0	0	1	1	0	At_conserved
HC04_A01	18000000	19000000	33	0	0	0	0	0	0	0	At_conserved
HC04_A01	19000000	20000000	18	1	0	0	0	0	0	2	At_conserved
HC04_A01	20000000	21000000	0	1	21	3	0	0	0	0	At_conserved
HC04_A01	23000000	24000000	0	1	0	0	0	0	0	0	At_conserved
HC04_A01	25000000	26000000	1	0	0	0	0	0	0	0	At_conserved
HC04_A01	27000000	28000000	0	0	0	0	0	0	0	1	At_conserved
HC04_A01	28000000	29000000	0	0	0	0	1	0	0	3	At_conserved
HC04_A01	32000000	33000000	0	0	0	0	0	0	1	0	At_conserved
HC04_A01	33000000	34000000	0	1	0	0	0	0	0	1	At_conserved
HC04_A01	41000000	42000000	0	9	0	0	1	10	0	0	At_conserved
HC04_A01	44000000	45000000	1	2	0	0	0	0	0	0	At_conserved
HC04_A01	49000000	50000000	0	0	0	0	0	0	0	1	At_conserved
HC04_A01	50000000	51000000	0	1	0	0	0	0	0	0	At_conserved
HC04_A01	53000000	54000000	0	1	0	0	0	0	0	0	At_conserved
HC04_A01	54000000	55000000	0	0	0	0	0	0	0	1	At_conserved
HC04_A01	56000000	57000000	0	1	0	0	0	0	0	0	At_conserved
HC04_A01	62000000	63000000	0	1	0	0	0	0	0	0	At_conserved
HC04_A01	64000000	65000000	0	0	0	0	0	0	0	1	At_conserved
HC04_A01	71000000	72000000	0	1	0	0	0	0	0	0	At_conserved
HC04_A01	73000000	74000000	0	0	0	1	0	0	0	0	At_conserved
HC04_A01	75000000	76000000	0	0	0	0	0	0	0	1	At_conserved
HC04_A01	79000000	80000000	0	0	0	0	0	0	0	1	At_conserved
HC04_A01	96000000	97000000	8	0	0	1	0	0	4	0	At_conserved
HC04_A01	98000000	99000000	2	1	0	0	0	0	10	0	At_conserved
HC04_A01	102000000	103000000	0	12	0	3	0	0	0	0	At_conserved
HC04_A01	103000000	104000000	0	4	0	1	2	0	4	10	At_conserved
HC04_A01	104000000	105000000	1	0	0	0	0	10	9	1	At_conserved
HC04_A01	109000000	110000000	0	0	0	0	0	2	0	0	At_conserved
HC04_A01	111000000	112000000	8	3	0	1	0	0	0	0	At_conserved
HC04_A01	112000000	113000000	4	0	0	0	0	0	21	0	At_conserved
HC04_A01	115000000	116000000	2	0	1	25	0	0	2	0	At_conserved
HC04_A01	116000000	117000000	2	0	2	27	0	0	0	0	At_conserved
HC04_A01	118000000	119000000	3	0	4	5	0	0	0	6	At_conserved
HC04_A02	1000000	2000000	3	3	0	2	2	2	0	17	At_conserved
HC04_A02	2000000	3000000	1	7	0	0	1	0	1	0	At_conserved
HC04_A02	3000000	4000000	1	7	7	9	0	0	7	1	At_conserved
HC04_A02	4000000	5000000	0	7	1	2	0	0	0	0	At_conserved
HC04_A02	7000000	8000000	0	0	0	9	0	0	0	0	At_conserved
HC04_A02	8000000	9000000	2	5	1	0	0	0	2	0	At_conserved
HC04_A02	9000000	10000000	21	5	0	0	0	0	0	0	At_conserved
HC04_A02	26000000	27000000	0	4	0	0	0	0	0	0	At_conserved
HC04_A02	42000000	43000000	0	0	0	0	1	0	0	0	At_conserved
HC04_A02	46000000	47000000	0	0	0	0	0	0	1	3	At_conserved
HC04_A02	52000000	53000000	0	0	0	0	1	0	0	3	At_conserved
HC04_A02	58000000	59000000	0	0	0	0	0	0	4	0	At_conserved
HC04_A02	59000000	60000000	0	0	0	0	0	4	0	0	At_conserved
HC04_A02	94000000	95000000	0	0	0	0	2	0	0	0	At_conserved
HC04_A02	95000000	96000000	1	0	1	0	0	0	1	0	At_conserved
HC04_A02	96000000	97000000	0	0	0	0	1	0	0	0	At_conserved
HC04_A02	100000000	101000000	5	5	0	0	0	20	6	0	At_conserved
HC04_A02	102000000	103000000	0	2	1	12	4	0	3	2	At_conserved
HC04_A02	103000000	104000000	6	0	3	4	0	0	0	0	At_conserved
HC04_A02	104000000	105000000	3	0	0	0	12	0	1	8	At_conserved
HC04_A02	105000000	106000000	3	0	0	2	5	0	26	0	At_conserved
HC04_A02	106000000	107000000	12	0	0	0	1	1	13	0	At_conserved
HC04_A02	107000000	108000000	8	1	1	0	3	4	4	0	At_conserved
HC04_A03	0	1000000	0	0	0	1	2	0	8	10	At_conserved
HC04_A03	1000000	2000000	3	1	0	0	1	3	7	0	At_conserved
HC04_A03	2000000	3000000	0	8	1	0	6	0	4	0	At_conserved
HC04_A03	3000000	4000000	6	6	2	7	4	0	0	1	At_conserved
HC04_A03	4000000	5000000	1	3	1	0	0	1	1	0	At_conserved
HC04_A03	5000000	6000000	0	1	0	7	1	0	3	13	At_conserved
HC04_A03	6000000	7000000	0	1	0	8	0	0	21	0	At_conserved
HC04_A03	8000000	9000000	6	2	12	0	0	0	2	0	At_conserved
HC04_A03	9000000	10000000	0	0	6	0	1	0	0	0	At_conserved
HC04_A03	13000000	14000000	0	1	0	0	0	0	0	0	At_conserved
HC04_A03	17000000	18000000	0	3	0	0	0	0	7	0	At_conserved
HC04_A03	33000000	34000000	0	2	0	0	0	0	0	0	At_conserved
HC04_A03	34000000	35000000	0	0	0	0	2	0	2	2	At_conserved
HC04_A03	56000000	57000000	0	1	0	0	0	0	0	0	At_conserved
HC04_A03	66000000	67000000	0	0	2	0	0	3	0	0	At_conserved
HC04_A03	68000000	69000000	0	0	2	0	1	0	0	0	At_conserved
HC04_A03	86000000	87000000	0	8	0	0	0	0	0	0	At_conserved
HC04_A03	92000000	93000000	0	2	0	0	0	0	0	0	At_conserved
HC04_A03	95000000	96000000	0	0	0	0	4	0	0	0	At_conserved
HC04_A03	97000000	98000000	12	0	0	0	0	0	0	16	At_conserved
HC04_A03	101000000	102000000	1	0	0	1	0	0	8	5	At_conserved
HC04_A03	102000000	103000000	1	0	0	0	0	0	0	0	At_conserved
HC04_A03	104000000	105000000	0	0	0	0	0	0	2	0	At_conserved
HC04_A03	105000000	106000000	0	7	0	13	0	0	1	0	At_conserved
HC04_A03	106000000	107000000	0	0	2	10	0	0	0	2	At_conserved
HC04_A03	107000000	108000000	0	0	9	2	0	0	2	0	At_conserved
HC04_A03	109000000	110000000	1	0	0	0	0	0	0	1	At_conserved
HC04_A03	110000000	111000000	3	19	1	0	0	1	0	0	At_conserved
HC04_A03	111000000	112000000	4	0	0	0	0	0	14	0	At_conserved
HC04_A03	112000000	113000000	12	0	0	0	3	0	0	15	At_conserved
HC04_A04	0	1000000	8	0	6	1	3	2	5	0	At_conserved
HC04_A04	1000000	2000000	9	1	2	1	18	0	1	0	At_conserved
HC04_A04	2000000	3000000	6	0	6	1	2	0	0	6	At_conserved
HC04_A04	3000000	4000000	4	0	0	0	0	0	0	13	At_conserved
HC04_A04	4000000	5000000	0	3	7	7	0	0	3	11	At_conserved
HC04_A04	6000000	7000000	7	0	0	2	9	2	0	0	At_conserved
HC04_A04	7000000	8000000	1	7	0	1	2	0	2	0	At_conserved
HC04_A04	8000000	9000000	2	0	0	1	6	0	0	15	At_conserved
HC04_A04	9000000	10000000	0	0	0	0	0	0	12	6	At_conserved
HC04_A04	12000000	13000000	0	6	0	0	0	0	0	0	At_conserved
HC04_A04	59000000	60000000	0	2	0	0	0	0	0	0	At_conserved
HC04_A04	63000000	64000000	0	0	0	0	2	0	2	0	At_conserved
HC04_A04	66000000	67000000	0	1	0	0	0	0	0	0	At_conserved
HC04_A04	77000000	78000000	1	0	0	0	0	0	0	0	At_conserved
HC04_A04	80000000	81000000	0	0	0	0	0	0	1	0	At_conserved
HC04_A04	82000000	83000000	0	0	0	2	8	0	0	0	At_conserved
HC04_A04	83000000	84000000	0	0	0	29	0	0	0	0	At_conserved
HC04_A04	84000000	85000000	4	2	2	4	2	0	0	3	At_conserved
HC04_A04	85000000	86000000	4	0	8	6	3	0	0	0	At_conserved
HC04_A04	86000000	87000000	5	1	3	0	0	1	2	0	At_conserved
HC04_A04	88000000	89000000	4	1	1	4	1	0	2	0	At_conserved
HC04_A05	0	1000000	3	0	0	0	0	1	3	0	At_conserved
HC04_A05	1000000	2000000	2	0	0	0	0	0	1	0	At_conserved
HC04_A05	2000000	3000000	2	1	0	1	0	0	0	0	At_conserved
HC04_A05	3000000	4000000	9	0	9	0	7	0	0	0	At_conserved
HC04_A05	5000000	6000000	10	0	1	6	9	0	4	0	At_conserved
HC04_A05	6000000	7000000	24	3	2	1	3	0	0	0	At_conserved
HC04_A05	7000000	8000000	0	0	0	0	4	0	0	8	At_conserved
HC04_A05	8000000	9000000	12	0	0	0	0	0	0	18	At_conserved
HC04_A05	9000000	10000000	3	7	0	0	3	0	0	0	At_conserved
HC04_A05	10000000	11000000	8	2	0	0	0	0	0	23	At_conserved
HC04_A05	11000000	12000000	0	0	0	0	0	0	0	1	At_conserved
HC04_A05	12000000	13000000	1	0	0	2	0	0	0	0	At_conserved
HC04_A05	13000000	14000000	0	0	0	0	0	0	1	0	At_conserved
HC04_A05	14000000	15000000	5	9	0	0	0	0	9	0	At_conserved
HC04_A05	16000000	17000000	1	0	0	2	0	0	0	7	At_conserved
HC04_A05	17000000	18000000	0	0	0	0	0	0	0	9	At_conserved
HC04_A05	18000000	19000000	0	0	2	0	14	0	0	0	At_conserved
HC04_A05	20000000	21000000	0	0	0	0	1	0	0	0	At_conserved
HC04_A05	21000000	22000000	1	7	0	15	0	0	3	2	At_conserved
HC04_A05	22000000	23000000	0	10	0	0	0	1	12	0	At_conserved
HC04_A05	23000000	24000000	5	0	0	0	0	0	0	0	At_conserved
HC04_A05	25000000	26000000	0	4	0	0	1	0	0	0	At_conserved
HC04_A05	26000000	27000000	1	2	0	0	0	0	1	0	At_conserved
HC04_A05	27000000	28000000	1	2	0	2	0	0	0	0	At_conserved
HC04_A05	29000000	30000000	1	0	0	0	0	0	0	0	At_conserved
HC04_A05	30000000	31000000	1	0	0	14	2	0	8	0	At_conserved
HC04_A05	32000000	33000000	4	0	4	0	3	0	3	0	At_conserved
HC04_A05	33000000	34000000	0	9	0	1	12	1	5	0	At_conserved
HC04_A05	35000000	36000000	0	15	0	11	2	0	8	0	At_conserved
HC04_A05	36000000	37000000	1	0	0	2	0	0	0	13	At_conserved
HC04_A05	37000000	38000000	0	7	1	0	0	0	0	0	At_conserved
HC04_A05	39000000	40000000	1	6	0	0	0	0	0	0	At_conserved
HC04_A05	41000000	42000000	3	0	0	0	0	0	1	0	At_conserved
HC04_A05	43000000	44000000	0	0	0	8	0	0	0	0	At_conserved
HC04_A05	91000000	92000000	10	0	0	0	0	0	6	0	At_conserved
HC04_A05	92000000	93000000	0	0	0	0	0	0	8	8	At_conserved
HC04_A05	95000000	96000000	16	0	0	0	0	0	0	0	At_conserved
HC04_A05	98000000	99000000	0	1	0	0	12	0	0	4	At_conserved
HC04_A05	99000000	100000000	1	0	17	0	8	0	7	0	At_conserved
HC04_A05	100000000	101000000	2	0	0	0	0	0	0	1	At_conserved
HC04_A05	102000000	103000000	15	0	0	0	0	0	0	0	At_conserved
HC04_A05	103000000	104000000	0	0	0	0	0	0	0	3	At_conserved
HC04_A05	104000000	105000000	0	1	0	2	0	2	0	0	At_conserved
HC04_A05	106000000	107000000	0	18	0	1	0	0	0	1	At_conserved
HC04_A05	107000000	108000000	3	3	1	1	0	0	13	2	At_conserved
HC04_A05	108000000	109000000	1	1	0	1	1	0	1	0	At_conserved
HC04_A05	109000000	110000000	1	0	10	3	0	0	0	0	At_conserved
HC04_A05	111000000	112000000	0	24	0	0	0	0	3	3	At_conserved
HC04_A05	112000000	113000000	0	10	1	0	0	7	0	4	At_conserved
HC04_A06	0	1000000	0	3	0	0	1	0	0	0	At_conserved
HC04_A06	1000000	2000000	3	1	2	4	1	0	1	0	At_conserved
HC04_A06	2000000	3000000	6	1	3	11	4	0	6	2	At_conserved
HC04_A06	3000000	4000000	5	0	4	12	8	0	2	3	At_conserved
HC04_A06	4000000	5000000	0	0	0	31	0	0	0	0	At_conserved
HC04_A06	5000000	6000000	5	0	3	0	0	0	4	0	At_conserved
HC04_A06	6000000	7000000	8	0	0	15	0	0	0	0	At_conserved
HC04_A06	7000000	8000000	11	2	4	7	0	0	0	1	At_conserved
HC04_A06	9000000	10000000	0	11	7	0	0	0	0	0	At_conserved
HC04_A06	10000000	11000000	0	0	0	0	0	2	0	1	At_conserved
HC04_A06	11000000	12000000	18	0	0	0	0	0	0	0	At_conserved
HC04_A06	13000000	14000000	0	0	0	1	2	15	0	0	At_conserved
HC04_A06	15000000	16000000	3	0	0	0	13	0	0	2	At_conserved
HC04_A06	17000000	18000000	0	0	0	0	5	0	0	0	At_conserved
HC04_A06	18000000	19000000	0	0	0	0	0	0	10	0	At_conserved
HC04_A06	20000000	21000000	0	2	0	5	2	0	3	0	At_conserved
HC04_A06	22000000	23000000	0	0	0	0	5	0	0	0	At_conserved
HC04_A06	27000000	28000000	0	0	0	8	0	0	1	0	At_conserved
HC04_A06	28000000	29000000	2	3	0	3	6	0	3	0	At_conserved
HC04_A06	31000000	32000000	3	0	0	0	14	0	0	0	At_conserved
HC04_A06	32000000	33000000	3	0	0	0	0	0	14	0	At_conserved
HC04_A06	34000000	35000000	3	0	5	4	0	5	0	0	At_conserved
HC04_A06	36000000	37000000	2	0	6	0	0	5	4	0	At_conserved
HC04_A06	39000000	40000000	4	0	1	3	5	3	1	0	At_conserved
HC04_A06	41000000	42000000	1	0	1	1	10	0	0	4	At_conserved
HC04_A06	76000000	77000000	0	0	0	0	0	1	0	0	At_conserved
HC04_A06	83000000	84000000	1	0	0	0	0	0	0	0	At_conserved
HC04_A06	88000000	89000000	0	0	0	0	2	0	0	0	At_conserved
HC04_A06	91000000	92000000	2	0	0	0	0	0	0	0	At_conserved
HC04_A06	93000000	94000000	1	1	0	0	3	0	0	0	At_conserved
HC04_A06	95000000	96000000	0	2	0	0	0	0	0	0	At_conserved
HC04_A06	96000000	97000000	0	0	0	2	1	0	0	0	At_conserved
HC04_A06	99000000	100000000	0	0	0	0	3	0	1	0	At_conserved
HC04_A06	102000000	103000000	0	0	0	0	0	0	0	2	At_conserved
HC04_A06	104000000	105000000	0	0	0	0	2	4	0	0	At_conserved
HC04_A06	105000000	106000000	0	0	0	8	0	0	0	0	At_conserved
HC04_A06	108000000	109000000	6	0	0	0	4	0	0	0	At_conserved
HC04_A06	110000000	111000000	0	0	0	0	1	0	0	0	At_conserved
HC04_A06	111000000	112000000	0	2	0	11	0	2	0	0	At_conserved
HC04_A06	112000000	113000000	0	0	0	0	0	0	12	0	At_conserved
HC04_A06	119000000	120000000	0	0	0	2	0	0	0	0	At_conserved
HC04_A06	121000000	122000000	0	0	0	0	0	0	2	0	At_conserved
HC04_A06	123000000	124000000	0	0	3	0	0	2	0	13	At_conserved
HC04_A06	124000000	125000000	0	4	0	1	0	0	0	1	At_conserved
HC04_A06	125000000	126000000	16	0	9	1	4	1	3	0	At_conserved
HC04_A06	126000000	127000000	12	0	0	0	9	0	0	6	At_conserved
HC04_A07	1000000	2000000	7	0	0	1	0	0	0	0	At_conserved
HC04_A07	2000000	3000000	22	0	2	1	0	0	5	4	At_conserved
HC04_A07	3000000	4000000	13	1	0	14	2	0	4	0	At_conserved
HC04_A07	4000000	5000000	0	15	0	0	0	0	1	0	At_conserved
HC04_A07	5000000	6000000	0	17	0	0	0	0	0	0	At_conserved
HC04_A07	7000000	8000000	0	0	0	2	0	0	0	0	At_conserved
HC04_A07	9000000	10000000	3	3	7	0	0	0	0	2	At_conserved
HC04_A07	10000000	11000000	0	0	0	0	2	0	15	0	At_conserved
HC04_A07	11000000	12000000	1	6	0	0	7	0	0	0	At_conserved
HC04_A07	12000000	13000000	0	1	0	0	0	0	3	0	At_conserved
HC04_A07	15000000	16000000	1	0	0	0	1	0	0	25	At_conserved
HC04_A07	16000000	17000000	1	1	0	0	0	0	0	0	At_conserved
HC04_A07	19000000	20000000	8	1	0	0	0	0	0	0	At_conserved
HC04_A07	22000000	23000000	2	3	0	0	5	0	0	18	At_conserved
HC04_A07	23000000	24000000	18	0	0	0	0	0	0	0	At_conserved
HC04_A07	24000000	25000000	3	0	0	0	0	0	1	0	At_conserved
HC04_A07	26000000	27000000	3	2	0	2	8	0	10	1	At_conserved
HC04_A07	27000000	28000000	8	12	0	2	6	0	1	0	At_conserved
HC04_A07	30000000	31000000	0	0	0	0	0	0	0	2	At_conserved
HC04_A07	34000000	35000000	0	2	0	0	0	0	0	0	At_conserved
HC04_A07	37000000	38000000	0	0	0	0	0	0	0	2	At_conserved
HC04_A07	39000000	40000000	1	0	0	0	1	0	0	0	At_conserved
HC04_A07	41000000	42000000	1	0	0	0	1	0	0	1	At_conserved
HC04_A07	42000000	43000000	0	0	0	0	3	0	5	0	At_conserved
HC04_A07	44000000	45000000	0	0	0	1	7	0	0	0	At_conserved
HC04_A07	49000000	50000000	0	0	0	0	0	2	0	0	At_conserved
HC04_A07	51000000	52000000	0	1	0	0	1	0	0	0	At_conserved
HC04_A07	53000000	54000000	0	0	0	0	2	0	0	0	At_conserved
HC04_A07	54000000	55000000	2	0	0	0	0	0	6	0	At_conserved
HC04_A07	56000000	57000000	0	0	0	0	2	0	0	0	At_conserved
HC04_A07	57000000	58000000	0	0	0	0	0	2	0	0	At_conserved
HC04_A07	59000000	60000000	0	2	0	0	0	0	0	0	At_conserved
HC04_A07	64000000	65000000	0	0	0	0	0	0	0	2	At_conserved
HC04_A07	74000000	75000000	0	0	0	0	2	0	0	0	At_conserved
HC04_A07	76000000	77000000	0	0	0	0	0	0	0	2	At_conserved
HC04_A07	78000000	79000000	0	0	0	0	2	0	0	0	At_conserved
HC04_A07	80000000	81000000	0	1	0	0	1	0	0	0	At_conserved
HC04_A07	81000000	82000000	0	0	0	0	0	1	0	1	At_conserved
HC04_A07	83000000	84000000	4	0	0	1	0	0	0	0	At_conserved
HC04_A07	84000000	85000000	0	0	0	0	0	0	0	22	At_conserved
HC04_A07	86000000	87000000	0	0	2	0	0	0	0	0	At_conserved
HC04_A07	90000000	91000000	2	0	3	0	5	0	0	0	At_conserved
HC04_A07	92000000	93000000	3	0	0	5	21	0	3	1	At_conserved
HC04_A07	93000000	94000000	0	1	0	0	0	0	4	23	At_conserved
HC04_A07	94000000	95000000	0	2	0	4	4	0	0	26	At_conserved
HC04_A07	95000000	96000000	6	1	1	1	4	0	0	11	At_conserved
HC04_A07	96000000	97000000	2	5	1	0	1	6	10	0	At_conserved
HC04_A07	97000000	98000000	3	1	2	6	1	1	6	5	At_conserved
HC04_A08	0	1000000	0	6	0	0	0	0	3	0	At_conserved
HC04_A08	1000000	2000000	10	1	0	1	1	1	0	3	At_conserved
HC04_A08	2000000	3000000	7	0	0	0	3	0	3	0	At_conserved
HC04_A08	3000000	4000000	6	0	1	17	0	0	0	0	At_conserved
HC04_A08	5000000	6000000	1	0	0	3	4	0	6	18	At_conserved
HC04_A08	6000000	7000000	13	0	1	0	7	0	0	0	At_conserved
HC04_A08	8000000	9000000	8	0	0	9	1	0	0	6	At_conserved
HC04_A08	9000000	10000000	1	1	0	3	12	0	0	0	At_conserved
HC04_A08	10000000	11000000	0	28	0	0	0	1	0	0	At_conserved
HC04_A08	14000000	15000000	0	13	0	1	0	2	1	0	At_conserved
HC04_A08	15000000	16000000	1	0	0	9	2	0	0	0	At_conserved
HC04_A08	18000000	19000000	1	0	0	0	0	0	0	0	At_conserved
HC04_A08	20000000	21000000	0	0	0	8	0	0	0	0	At_conserved
HC04_A08	21000000	22000000	0	14	0	0	1	0	0	0	At_conserved
HC04_A08	30000000	31000000	22	0	0	4	0	0	0	0	At_conserved
HC04_A08	32000000	33000000	25	0	0	0	0	0	0	0	At_conserved
HC04_A08	33000000	34000000	0	2	0	0	0	0	0	0	At_conserved
HC04_A08	35000000	36000000	25	0	0	0	0	0	0	0	At_conserved
HC04_A08	37000000	38000000	13	1	11	0	0	0	0	0	At_conserved
HC04_A08	39000000	40000000	9	16	0	0	0	0	0	0	At_conserved
HC04_A08	42000000	43000000	5	0	7	0	0	0	0	0	At_conserved
HC04_A08	47000000	48000000	0	6	0	0	5	0	0	0	At_conserved
HC04_A08	48000000	49000000	0	0	0	0	11	0	0	0	At_conserved
HC04_A08	49000000	50000000	1	0	0	10	0	0	0	0	At_conserved
HC04_A08	52000000	53000000	0	8	0	0	0	3	0	0	At_conserved
HC04_A08	54000000	55000000	0	9	0	0	0	2	0	0	At_conserved
HC04_A08	56000000	57000000	0	6	0	0	5	0	0	0	At_conserved
HC04_A08	58000000	59000000	0	0	0	0	1	3	0	7	At_conserved
HC04_A08	61000000	62000000	1	2	0	4	2	2	0	0	At_conserved
HC04_A08	63000000	64000000	0	0	0	0	0	0	11	0	At_conserved
HC04_A08	65000000	66000000	4	0	0	0	5	2	0	0	At_conserved
HC04_A08	69000000	70000000	0	2	0	0	7	0	0	2	At_conserved
HC04_A08	85000000	86000000	0	1	0	4	5	1	0	0	At_conserved
HC04_A08	88000000	89000000	0	11	0	0	0	0	0	0	At_conserved
HC04_A08	90000000	91000000	0	2	0	0	6	3	0	0	At_conserved
HC04_A08	93000000	94000000	0	0	0	0	0	0	11	0	At_conserved
HC04_A08	98000000	99000000	0	6	0	0	5	0	0	0	At_conserved
HC04_A08	102000000	103000000	0	3	0	0	5	3	0	0	At_conserved
HC04_A08	103000000	104000000	0	11	0	0	0	0	0	0	At_conserved
HC04_A08	114000000	115000000	11	0	0	0	1	0	0	0	At_conserved
HC04_A08	115000000	116000000	1	0	0	0	0	0	0	0	At_conserved
HC04_A08	117000000	118000000	0	0	0	0	1	0	0	0	At_conserved
HC04_A08	118000000	119000000	0	0	1	0	0	0	0	0	At_conserved
HC04_A08	119000000	120000000	14	1	1	1	0	0	1	1	At_conserved
HC04_A08	120000000	121000000	17	0	0	0	0	2	12	0	At_conserved
HC04_A08	123000000	124000000	0	0	0	0	0	0	12	22	At_conserved
HC04_A08	124000000	125000000	0	0	0	0	0	0	0	16	At_conserved
HC04_A08	125000000	126000000	4	3	0	0	4	0	0	21	At_conserved
HC04_A09	1000000	2000000	24	0	0	0	3	0	2	0	At_conserved
HC04_A09	2000000	3000000	0	5	0	2	4	0	1	0	At_conserved
HC04_A09	5000000	6000000	0	0	0	5	0	0	4	0	At_conserved
HC04_A09	6000000	7000000	8	5	1	0	7	1	3	0	At_conserved
HC04_A09	7000000	8000000	0	0	0	0	25	0	0	0	At_conserved
HC04_A09	8000000	9000000	8	0	0	0	0	4	0	0	At_conserved
HC04_A09	9000000	10000000	12	0	0	1	5	3	0	0	At_conserved
HC04_A09	10000000	11000000	8	0	1	21	4	0	0	0	At_conserved
HC04_A09	11000000	12000000	2	6	0	22	0	0	0	0	At_conserved
HC04_A09	13000000	14000000	0	2	7	21	0	0	0	0	At_conserved
HC04_A09	14000000	15000000	1	0	0	11	0	0	0	0	At_conserved
HC04_A09	17000000	18000000	3	0	0	0	3	0	0	0	At_conserved
HC04_A09	18000000	19000000	5	0	1	0	1	0	1	2	At_conserved
HC04_A09	19000000	20000000	1	0	0	0	0	0	0	0	At_conserved
HC04_A09	21000000	22000000	0	0	0	0	0	0	3	11	At_conserved
HC04_A09	23000000	24000000	0	2	1	0	0	0	0	0	At_conserved
HC04_A09	25000000	26000000	1	7	0	0	0	0	0	0	At_conserved
HC04_A09	29000000	30000000	2	0	0	18	0	0	3	0	At_conserved
HC04_A09	31000000	32000000	0	0	0	0	18	0	0	3	At_conserved
HC04_A09	33000000	34000000	0	0	0	0	0	0	21	0	At_conserved
HC04_A09	58000000	59000000	3	1	0	1	10	0	0	5	At_conserved
HC04_A09	63000000	64000000	0	0	0	6	0	0	0	0	At_conserved
HC04_A09	71000000	72000000	0	0	0	0	0	0	8	0	At_conserved
HC04_A09	78000000	79000000	1	0	1	10	0	0	0	0	At_conserved
HC04_A09	79000000	80000000	5	0	1	0	0	0	0	0	At_conserved
HC04_A09	80000000	81000000	0	3	5	0	0	2	0	0	At_conserved
HC04_A09	81000000	82000000	0	0	0	32	0	0	0	0	At_conserved
HC04_A09	83000000	84000000	0	11	0	0	0	0	0	17	At_conserved
HC04_A09	84000000	85000000	1	0	0	1	0	0	0	0	At_conserved
HC04_A09	85000000	86000000	0	0	9	0	0	0	1	0	At_conserved
HC04_A09	86000000	87000000	0	0	0	17	0	0	0	18	At_conserved
HC04_A10	0	1000000	22	1	0	0	1	0	8	0	At_conserved
HC04_A10	1000000	2000000	11	5	1	0	1	0	0	0	At_conserved
HC04_A10	2000000	3000000	0	4	0	15	2	0	1	0	At_conserved
HC04_A10	3000000	4000000	18	0	0	0	0	1	0	0	At_conserved
HC04_A10	4000000	5000000	1	4	0	12	0	0	8	0	At_conserved
HC04_A10	6000000	7000000	0	0	2	0	2	0	3	7	At_conserved
HC04_A10	7000000	8000000	1	0	0	4	0	0	2	29	At_conserved
HC04_A10	13000000	14000000	3	0	0	1	1	1	0	0	At_conserved
HC04_A10	16000000	17000000	0	0	0	0	3	0	0	0	At_conserved
HC04_A10	21000000	22000000	0	0	2	9	0	0	9	0	At_conserved
HC04_A10	23000000	24000000	0	1	1	0	0	12	0	5	At_conserved
HC04_A10	24000000	25000000	0	6	0	0	0	8	0	0	At_conserved
HC04_A10	25000000	26000000	1	4	0	0	0	7	2	0	At_conserved
HC04_A10	30000000	31000000	0	0	0	0	0	10	0	0	At_conserved
HC04_A10	34000000	35000000	0	0	0	0	0	8	0	0	At_conserved
HC04_A10	35000000	36000000	0	0	12	0	0	0	0	0	At_conserved
HC04_A10	70000000	71000000	0	1	0	0	0	0	0	1	At_conserved
HC04_A10	71000000	72000000	4	0	0	0	0	1	8	0	At_conserved
HC04_A10	72000000	73000000	10	0	0	0	3	1	0	0	At_conserved
HC04_A10	74000000	75000000	13	0	0	0	3	0	1	0	At_conserved
HC04_A10	82000000	83000000	0	0	4	0	0	0	0	1	At_conserved
HC04_A10	85000000	86000000	0	0	0	0	0	0	0	5	At_conserved
HC04_A10	86000000	87000000	0	22	0	1	2	0	0	0	At_conserved
HC04_A10	92000000	93000000	1	0	0	0	0	0	0	0	At_conserved
HC04_A10	99000000	100000000	0	0	0	0	1	0	0	0	At_conserved
HC04_A10	102000000	103000000	15	0	0	1	2	0	2	9	At_conserved
HC04_A10	103000000	104000000	0	0	1	0	0	0	0	13	At_conserved
HC04_A10	104000000	105000000	0	0	0	1	0	0	0	0	At_conserved
HC04_A10	106000000	107000000	14	3	0	0	0	0	0	0	At_conserved
HC04_A10	107000000	108000000	0	0	16	0	0	1	0	0	At_conserved
HC04_A10	108000000	109000000	0	0	0	27	2	0	1	0	At_conserved
HC04_A10	110000000	111000000	0	6	0	0	0	14	0	0	At_conserved
HC04_A10	112000000	113000000	14	3	8	0	1	4	4	0	At_conserved
HC04_A10	113000000	114000000	3	4	1	0	13	0	8	1	At_conserved
HC04_A10	114000000	115000000	4	0	0	0	13	0	6	0	At_conserved
HC04_A10	115000000	116000000	2	0	2	13	1	1	1	1	At_conserved
HC04_A10	116000000	117000000	11	2	0	8	4	0	4	1	At_conserved
HC04_A11	0	1000000	1	3	0	2	13	0	5	0	At_conserved
HC04_A11	2000000	3000000	1	0	1	0	0	0	0	0	At_conserved
HC04_A11	3000000	4000000	0	0	2	26	0	0	0	0	At_conserved
HC04_A11	4000000	5000000	5	0	0	27	0	0	0	0	At_conserved
HC04_A11	5000000	6000000	0	0	0	22	1	4	1	1	At_conserved
HC04_A11	6000000	7000000	0	0	0	2	3	0	6	0	At_conserved
HC04_A11	7000000	8000000	0	3	1	0	0	0	13	0	At_conserved
HC04_A11	9000000	10000000	5	8	0	14	3	0	0	0	At_conserved
HC04_A11	10000000	11000000	0	4	0	0	0	0	0	0	At_conserved
HC04_A11	12000000	13000000	23	0	0	0	0	0	0	0	At_conserved
HC04_A11	15000000	16000000	0	0	0	1	0	0	0	0	At_conserved
HC04_A11	17000000	18000000	0	0	0	0	27	0	8	0	At_conserved
HC04_A11	18000000	19000000	2	0	0	18	0	0	2	0	At_conserved
HC04_A11	20000000	21000000	0	9	0	0	0	0	0	0	At_conserved
HC04_A11	21000000	22000000	0	0	0	0	0	0	0	30	At_conserved
HC04_A11	22000000	23000000	1	4	0	0	0	0	0	29	At_conserved
HC04_A11	23000000	24000000	6	0	0	0	0	0	0	0	At_conserved
HC04_A11	25000000	26000000	4	1	0	0	0	0	0	0	At_conserved
HC04_A11	26000000	27000000	0	2	1	0	0	0	0	0	At_conserved
HC04_A11	42000000	43000000	0	0	1	0	0	0	0	0	At_conserved
HC04_A11	46000000	47000000	0	0	0	0	0	0	3	0	At_conserved
HC04_A11	48000000	49000000	0	0	0	0	3	0	0	0	At_conserved
HC04_A11	49000000	50000000	0	0	0	0	2	0	0	1	At_conserved
HC04_A11	54000000	55000000	0	0	0	0	2	0	0	0	At_conserved
HC04_A11	68000000	69000000	0	0	0	0	0	0	0	1	At_conserved
HC04_A11	84000000	85000000	1	0	0	0	0	0	0	0	At_conserved
HC04_A11	85000000	86000000	0	0	0	1	0	0	0	0	At_conserved
HC04_A11	86000000	87000000	0	0	0	0	0	0	0	1	At_conserved
HC04_A11	88000000	89000000	0	0	0	0	0	0	0	1	At_conserved
HC04_A11	91000000	92000000	0	0	0	0	2	0	2	1	At_conserved
HC04_A11	93000000	94000000	0	1	0	13	0	0	3	0	At_conserved
HC04_A11	95000000	96000000	0	0	0	0	0	0	17	0	At_conserved
HC04_A11	99000000	100000000	0	0	0	3	0	0	0	0	At_conserved
HC04_A11	106000000	107000000	0	0	0	0	0	0	0	5	At_conserved
HC04_A11	108000000	109000000	0	0	0	0	0	0	5	0	At_conserved
HC04_A11	109000000	110000000	0	0	3	0	0	0	0	0	At_conserved
HC04_A11	111000000	112000000	0	2	0	0	0	0	2	1	At_conserved
HC04_A11	112000000	113000000	0	0	0	0	0	0	0	25	At_conserved
HC04_A11	113000000	114000000	0	3	0	33	0	0	0	0	At_conserved
HC04_A11	114000000	115000000	1	1	1	0	10	0	0	0	At_conserved
HC04_A11	115000000	116000000	0	9	9	0	2	0	2	2	At_conserved
HC04_A11	116000000	117000000	18	17	0	0	0	0	0	1	At_conserved
HC04_A11	117000000	118000000	1	2	1	1	0	0	0	0	At_conserved
HC04_A11	118000000	119000000	0	0	0	0	0	0	0	3	At_conserved
HC04_A11	119000000	120000000	19	3	0	0	2	1	1	0	At_conserved
HC04_A11	120000000	121000000	14	8	0	3	0	0	0	0	At_conserved
HC04_A11	121000000	122000000	16	0	10	0	0	1	4	0	At_conserved
HC04_A11	123000000	124000000	25	0	0	5	6	0	0	0	At_conserved
HC04_A12	0	1000000	4	0	0	0	28	1	0	0	At_conserved
HC04_A12	1000000	2000000	2	0	0	0	17	0	0	0	At_conserved
HC04_A12	2000000	3000000	1	0	0	0	2	0	0	3	At_conserved
HC04_A12	3000000	4000000	0	3	2	0	0	0	0	0	At_conserved
HC04_A12	5000000	6000000	0	0	4	0	0	0	0	0	At_conserved
HC04_A12	6000000	7000000	7	0	0	2	0	0	0	19	At_conserved
HC04_A12	8000000	9000000	3	1	2	0	0	0	8	0	At_conserved
HC04_A12	12000000	13000000	0	0	0	0	0	1	0	0	At_conserved
HC04_A12	13000000	14000000	2	0	0	0	0	0	0	18	At_conserved
HC04_A12	15000000	16000000	0	0	0	0	2	0	0	0	At_conserved
HC04_A12	72000000	73000000	9	0	0	0	0	9	0	0	At_conserved
HC04_A12	79000000	80000000	0	2	0	0	0	0	0	0	At_conserved
HC04_A12	81000000	82000000	0	3	0	0	0	0	0	0	At_conserved
HC04_A12	84000000	85000000	18	0	0	0	0	0	0	0	At_conserved
HC04_A12	86000000	87000000	0	5	0	0	0	0	0	0	At_conserved
HC04_A12	87000000	88000000	10	16	0	0	4	0	0	0	At_conserved
HC04_A12	89000000	90000000	0	1	0	0	5	0	6	3	At_conserved
HC04_A12	91000000	92000000	2	0	0	1	0	0	0	0	At_conserved
HC04_A12	92000000	93000000	8	0	0	3	15	0	0	1	At_conserved
HC04_A12	94000000	95000000	3	0	0	9	0	0	0	1	At_conserved
HC04_A12	96000000	97000000	6	0	5	0	0	0	1	0	At_conserved
HC04_A12	98000000	99000000	12	0	0	3	0	0	7	0	At_conserved
HC04_A12	99000000	100000000	13	0	1	9	0	0	5	0	At_conserved
HC04_A12	100000000	101000000	0	0	2	0	0	0	0	0	At_conserved
HC04_A12	102000000	103000000	4	0	0	0	0	0	0	0	At_conserved
HC04_A12	103000000	104000000	5	0	0	0	0	0	0	0	At_conserved
HC04_A12	105000000	106000000	0	7	0	0	2	1	9	1	At_conserved
HC04_A12	106000000	107000000	0	0	0	5	0	0	0	0	At_conserved
HC04_A12	108000000	109000000	10	17	0	3	0	0	0	0	At_conserved
HC04_A13	0	1000000	2	0	0	0	0	0	0	19	At_conserved
HC04_A13	1000000	2000000	1	1	0	0	0	0	3	0	At_conserved
HC04_A13	3000000	4000000	1	11	0	0	5	3	0	3	At_conserved
HC04_A13	4000000	5000000	3	0	1	0	1	0	9	0	At_conserved
HC04_A13	5000000	6000000	0	1	0	10	3	0	3	0	At_conserved
HC04_A13	6000000	7000000	0	10	0	1	0	0	0	8	At_conserved
HC04_A13	13000000	14000000	2	12	0	0	2	0	0	0	At_conserved
HC04_A13	15000000	16000000	0	2	0	12	7	0	8	0	At_conserved
HC04_A13	23000000	24000000	0	0	0	0	0	1	0	0	At_conserved
HC04_A13	56000000	57000000	0	0	0	0	0	0	0	16	At_conserved
HC04_A13	64000000	65000000	1	0	0	0	2	0	0	13	At_conserved
HC04_A13	66000000	67000000	2	0	0	0	14	0	0	0	At_conserved
HC04_A13	67000000	68000000	19	0	0	0	16	0	0	0	At_conserved
HC04_A13	69000000	70000000	19	0	0	0	12	0	0	0	At_conserved
HC04_A13	70000000	71000000	0	0	1	0	28	0	0	0	At_conserved
HC04_A13	72000000	73000000	0	0	0	0	21	0	8	0	At_conserved
HC04_A13	76000000	77000000	24	0	0	0	5	0	0	0	At_conserved
HC04_A13	79000000	80000000	0	0	0	19	8	0	0	0	At_conserved
HC04_A13	83000000	84000000	5	0	0	0	0	0	0	19	At_conserved
HC04_A13	86000000	87000000	0	0	0	0	21	0	0	0	At_conserved
HC04_A13	90000000	91000000	1	4	1	0	5	0	3	6	At_conserved
HC04_A13	91000000	92000000	8	0	0	0	1	0	0	0	At_conserved
HC04_A13	92000000	93000000	0	0	6	0	0	2	16	0	At_conserved
HC04_A13	93000000	94000000	0	0	0	1	0	0	0	0	At_conserved
HC04_A13	94000000	95000000	0	0	0	1	0	0	1	0	At_conserved
HC04_A13	97000000	98000000	0	10	0	2	8	0	0	0	At_conserved
HC04_A13	98000000	99000000	1	3	0	0	10	0	2	1	At_conserved
HC04_A13	99000000	100000000	1	0	0	0	1	0	2	10	At_conserved
HC04_A13	101000000	102000000	1	1	0	0	0	0	2	2	At_conserved
HC04_A13	102000000	103000000	0	2	0	0	0	0	0	1	At_conserved
HC04_A13	103000000	104000000	0	0	0	0	2	0	0	0	At_conserved
HC04_A13	104000000	105000000	1	4	0	0	4	0	0	0	At_conserved
HC04_A13	106000000	107000000	0	0	0	0	0	0	2	0	At_conserved
HC04_A13	107000000	108000000	7	0	0	20	0	3	0	0	At_conserved
HC04_A13	108000000	109000000	8	0	0	6	5	0	1	0	At_conserved
HC04_A13	110000000	111000000	24	0	2	6	0	1	0	0	At_conserved
HC04_A13	111000000	112000000	18	0	0	4	0	0	1	0	At_conserved
HC04_D01	1000000	2000000	3	1	0	0	0	0	0	1	Dt_conserved
HC04_D01	2000000	3000000	16	0	0	0	0	0	0	0	Dt_conserved
HC04_D01	3000000	4000000	1	2	0	0	0	0	1	0	Dt_conserved
HC04_D01	4000000	5000000	5	0	0	0	18	0	8	0	Dt_conserved
HC04_D01	5000000	6000000	30	0	0	0	1	0	0	0	Dt_conserved
HC04_D01	6000000	7000000	22	0	3	0	10	0	0	0	Dt_conserved
HC04_D01	7000000	8000000	10	0	0	0	15	0	2	8	Dt_conserved
HC04_D01	8000000	9000000	0	0	0	0	0	4	0	0	Dt_conserved
HC04_D01	16000000	17000000	9	0	0	0	0	0	0	0	Dt_conserved
HC04_D01	17000000	18000000	9	0	0	0	1	0	0	4	Dt_conserved
HC04_D01	18000000	19000000	9	1	0	0	2	0	0	2	Dt_conserved
HC04_D01	19000000	20000000	8	0	0	0	0	0	0	5	Dt_conserved
HC04_D01	20000000	21000000	0	0	0	0	0	0	7	0	Dt_conserved
HC04_D01	21000000	22000000	0	0	0	0	0	0	9	0	Dt_conserved
HC04_D01	22000000	23000000	0	0	0	0	0	0	9	0	Dt_conserved
HC04_D01	23000000	24000000	0	0	6	0	0	0	0	3	Dt_conserved
HC04_D01	24000000	25000000	0	0	0	0	0	0	1	8	Dt_conserved
HC04_D01	25000000	26000000	4	0	0	0	0	0	0	5	Dt_conserved
HC04_D01	27000000	28000000	9	0	0	0	0	0	0	0	Dt_conserved
HC04_D01	32000000	33000000	7	0	0	0	0	0	2	0	Dt_conserved
HC04_D01	35000000	36000000	0	0	0	0	0	0	0	15	Dt_conserved
HC04_D01	36000000	37000000	0	0	0	0	0	0	8	0	Dt_conserved
HC04_D01	37000000	38000000	8	0	0	0	0	0	0	0	Dt_conserved
HC04_D01	46000000	47000000	16	0	0	0	0	0	2	12	Dt_conserved
HC04_D01	47000000	48000000	0	2	0	0	0	0	0	0	Dt_conserved
HC04_D01	48000000	49000000	0	0	0	2	0	0	0	0	Dt_conserved
HC04_D01	49000000	50000000	0	0	0	2	0	0	0	0	Dt_conserved
HC04_D01	50000000	51000000	0	0	0	0	0	0	0	8	Dt_conserved
HC04_D01	52000000	53000000	0	1	0	0	0	0	0	0	Dt_conserved
HC04_D01	54000000	55000000	3	0	0	0	0	0	0	14	Dt_conserved
HC04_D01	55000000	56000000	0	0	0	0	0	0	1	1	Dt_conserved
HC04_D01	56000000	57000000	1	1	0	0	1	0	4	0	Dt_conserved
HC04_D01	57000000	58000000	0	4	0	0	2	0	0	0	Dt_conserved
HC04_D01	58000000	59000000	2	0	0	2	0	0	14	13	Dt_conserved
HC04_D01	59000000	60000000	7	0	0	1	0	0	2	6	Dt_conserved
HC04_D01	60000000	61000000	0	2	1	10	0	0	2	14	Dt_conserved
HC04_D01	61000000	62000000	0	15	11	0	0	3	0	7	Dt_conserved
HC04_D01	62000000	63000000	0	22	0	0	3	0	0	0	Dt_conserved
HC04_D01	63000000	64000000	4	0	0	7	5	5	3	3	Dt_conserved
HC04_D01	64000000	65000000	0	0	2	0	3	7	13	1	Dt_conserved
HC04_D02	0	1000000	0	0	9	21	1	0	0	1	Dt_conserved
HC04_D02	2000000	3000000	5	1	0	8	14	1	2	2	Dt_conserved
HC04_D02	3000000	4000000	0	10	0	10	0	0	1	1	Dt_conserved
HC04_D02	4000000	5000000	2	6	1	8	1	1	0	5	Dt_conserved
HC04_D02	5000000	6000000	5	0	0	12	0	0	2	0	Dt_conserved
HC04_D02	6000000	7000000	14	11	0	0	0	0	0	0	Dt_conserved
HC04_D02	7000000	8000000	10	0	0	0	2	0	24	0	Dt_conserved
HC04_D02	9000000	10000000	1	10	3	0	0	0	0	4	Dt_conserved
HC04_D02	10000000	11000000	10	0	0	6	0	0	0	0	Dt_conserved
HC04_D02	11000000	12000000	14	2	0	7	0	0	0	0	Dt_conserved
HC04_D02	13000000	14000000	0	0	0	0	5	0	0	0	Dt_conserved
HC04_D02	14000000	15000000	0	2	0	3	0	0	0	0	Dt_conserved
HC04_D02	15000000	16000000	0	0	5	0	0	0	0	0	Dt_conserved
HC04_D02	17000000	18000000	11	10	0	0	0	0	0	0	Dt_conserved
HC04_D02	18000000	19000000	0	14	0	0	1	6	0	0	Dt_conserved
HC04_D02	19000000	20000000	0	1	0	0	7	13	0	0	Dt_conserved
HC04_D02	20000000	21000000	0	7	0	0	11	2	0	1	Dt_conserved
HC04_D02	21000000	22000000	3	4	0	0	8	6	0	0	Dt_conserved
HC04_D02	22000000	23000000	4	4	0	1	9	3	0	0	Dt_conserved
HC04_D02	25000000	26000000	0	0	0	0	0	0	0	1	Dt_conserved
HC04_D02	26000000	27000000	0	0	1	0	0	0	0	0	Dt_conserved
HC04_D02	27000000	28000000	0	0	0	0	0	0	0	1	Dt_conserved
HC04_D02	29000000	30000000	6	1	1	0	0	0	0	0	Dt_conserved
HC04_D02	30000000	31000000	0	1	0	0	0	0	0	1	Dt_conserved
HC04_D02	42000000	43000000	0	0	9	0	0	0	0	0	Dt_conserved
HC04_D02	43000000	44000000	0	3	0	0	0	4	0	0	Dt_conserved
HC04_D02	49000000	50000000	0	0	0	0	0	3	5	0	Dt_conserved
HC04_D02	50000000	51000000	0	0	0	0	0	0	0	1	Dt_conserved
HC04_D02	51000000	52000000	0	0	0	0	2	0	0	13	Dt_conserved
HC04_D02	54000000	55000000	7	0	25	0	0	0	3	0	Dt_conserved
HC04_D02	55000000	56000000	0	28	0	0	0	5	2	0	Dt_conserved
HC04_D02	56000000	57000000	0	12	0	0	0	0	0	0	Dt_conserved
HC04_D02	58000000	59000000	15	0	0	5	0	0	0	0	Dt_conserved
HC04_D02	59000000	60000000	0	9	0	0	1	0	0	13	Dt_conserved
HC04_D02	60000000	61000000	0	0	0	0	0	0	3	0	Dt_conserved
HC04_D02	61000000	62000000	12	10	0	0	0	5	3	0	Dt_conserved
HC04_D02	62000000	63000000	11	0	0	10	1	2	3	1	Dt_conserved
HC04_D02	63000000	64000000	13	0	0	0	0	0	7	0	Dt_conserved
HC04_D02	64000000	65000000	15	2	0	1	0	0	0	0	Dt_conserved
HC04_D02	65000000	66000000	2	1	0	0	3	0	8	9	Dt_conserved
HC04_D02	66000000	67000000	3	0	0	0	0	0	8	8	Dt_conserved
HC04_D02	67000000	68000000	2	0	0	0	6	0	0	4	Dt_conserved
HC04_D02	68000000	69000000	9	10	4	1	1	0	0	0	Dt_conserved
HC04_D02	69000000	70000000	27	0	0	0	4	0	0	0	Dt_conserved
HC04_D02	70000000	71000000	16	1	1	0	0	8	1	0	Dt_conserved
HC04_D02	72000000	73000000	2	0	2	0	0	23	6	0	Dt_conserved
HC04_D03	0	1000000	1	3	0	0	1	0	0	1	Dt_conserved
HC04_D03	1000000	2000000	1	2	0	0	3	1	0	0	Dt_conserved
HC04_D03	2000000	3000000	4	0	0	25	2	4	0	0	Dt_conserved
HC04_D03	3000000	4000000	1	0	0	28	1	0	0	0	Dt_conserved
HC04_D03	4000000	5000000	15	1	4	9	0	0	0	0	Dt_conserved
HC04_D03	5000000	6000000	1	5	0	0	1	0	0	0	Dt_conserved
HC04_D03	6000000	7000000	3	15	0	0	0	0	0	0	Dt_conserved
HC04_D03	7000000	8000000	1	0	0	0	0	0	0	0	Dt_conserved
HC04_D03	8000000	9000000	5	0	0	0	2	0	4	0	Dt_conserved
HC04_D03	10000000	11000000	0	8	0	0	0	0	0	0	Dt_conserved
HC04_D03	11000000	12000000	2	0	0	0	0	0	1	0	Dt_conserved
HC04_D03	12000000	13000000	0	0	0	0	0	0	2	0	Dt_conserved
HC04_D03	13000000	14000000	0	0	4	0	0	0	0	0	Dt_conserved
HC04_D03	16000000	17000000	0	0	2	0	0	0	0	0	Dt_conserved
HC04_D03	19000000	20000000	0	9	0	0	0	0	0	0	Dt_conserved
HC04_D03	20000000	21000000	0	0	0	5	2	0	1	0	Dt_conserved
HC04_D03	21000000	22000000	3	0	2	0	0	0	0	0	Dt_conserved
HC04_D03	22000000	23000000	31	0	0	0	0	0	0	0	Dt_conserved
HC04_D03	26000000	27000000	0	1	0	0	0	0	0	0	Dt_conserved
HC04_D03	27000000	28000000	28	0	0	0	0	0	0	0	Dt_conserved
HC04_D03	48000000	49000000	0	0	0	0	0	0	0	3	Dt_conserved
HC04_D03	50000000	51000000	0	7	0	14	3	0	0	0	Dt_conserved
HC04_D03	51000000	52000000	1	6	1	4	1	0	5	1	Dt_conserved
HC04_D03	52000000	53000000	3	7	0	0	0	0	0	0	Dt_conserved
HC04_D03	53000000	54000000	2	0	0	1	4	0	7	0	Dt_conserved
HC04_D04	0	1000000	1	0	6	0	2	0	0	1	Dt_conserved
HC04_D04	2000000	3000000	11	0	0	0	0	0	0	4	Dt_conserved
HC04_D04	3000000	4000000	0	0	0	4	6	0	1	9	Dt_conserved
HC04_D04	4000000	5000000	6	1	5	0	1	0	9	3	Dt_conserved
HC04_D04	6000000	7000000	0	1	0	0	0	2	3	0	Dt_conserved
HC04_D04	7000000	8000000	1	0	0	0	0	4	0	0	Dt_conserved
HC04_D04	10000000	11000000	1	0	0	0	0	0	0	0	Dt_conserved
HC04_D04	11000000	12000000	0	0	0	0	0	9	0	9	Dt_conserved
HC04_D04	12000000	13000000	1	0	0	0	0	0	0	0	Dt_conserved
HC04_D04	13000000	14000000	1	1	0	0	10	1	0	1	Dt_conserved
HC04_D04	33000000	34000000	0	0	1	0	2	0	2	0	Dt_conserved
HC04_D04	46000000	47000000	0	0	1	0	0	0	0	0	Dt_conserved
HC04_D04	48000000	49000000	0	0	0	0	6	0	0	0	Dt_conserved
HC04_D04	50000000	51000000	0	1	0	0	0	0	0	0	Dt_conserved
HC04_D04	51000000	52000000	2	2	0	0	3	1	2	0	Dt_conserved
HC04_D04	52000000	53000000	0	0	1	0	1	0	0	2	Dt_conserved
HC04_D04	53000000	54000000	1	0	0	0	0	0	0	0	Dt_conserved
HC04_D04	54000000	55000000	10	4	2	5	1	0	0	1	Dt_conserved
HC04_D04	55000000	56000000	1	0	0	2	5	6	0	0	Dt_conserved
HC04_D04	56000000	57000000	0	0	0	0	0	9	0	0	Dt_conserved
HC04_D04	57000000	58000000	0	0	0	11	0	0	0	5	Dt_conserved
HC04_D04	58000000	59000000	0	16	1	0	0	0	1	2	Dt_conserved
HC04_D05	0	1000000	0	1	2	0	14	0	14	0	Dt_conserved
HC04_D05	1000000	2000000	0	3	0	0	0	0	0	0	Dt_conserved
HC04_D05	2000000	3000000	0	0	0	18	0	0	0	0	Dt_conserved
HC04_D05	3000000	4000000	0	0	0	0	0	0	1	0	Dt_conserved
HC04_D05	5000000	6000000	20	0	0	14	1	0	0	1	Dt_conserved
HC04_D05	6000000	7000000	4	2	0	4	6	0	2	0	Dt_conserved
HC04_D05	7000000	8000000	0	2	0	0	7	0	0	0	Dt_conserved
HC04_D05	8000000	9000000	0	0	5	2	0	0	0	0	Dt_conserved
HC04_D05	9000000	10000000	7	0	1	4	1	0	1	6	Dt_conserved
HC04_D05	10000000	11000000	0	0	3	0	0	0	5	0	Dt_conserved
HC04_D05	11000000	12000000	0	1	1	0	0	1	0	0	Dt_conserved
HC04_D05	12000000	13000000	7	0	0	5	2	2	0	3	Dt_conserved
HC04_D05	13000000	14000000	2	0	0	0	1	0	1	0	Dt_conserved
HC04_D05	15000000	16000000	1	0	1	12	2	0	3	0	Dt_conserved
HC04_D05	16000000	17000000	0	0	0	0	0	0	0	3	Dt_conserved
HC04_D05	17000000	18000000	2	0	0	15	0	0	4	2	Dt_conserved
HC04_D05	18000000	19000000	0	0	0	0	7	0	3	2	Dt_conserved
HC04_D05	19000000	20000000	3	2	0	6	10	0	4	6	Dt_conserved
HC04_D05	20000000	21000000	3	10	0	12	2	1	0	4	Dt_conserved
HC04_D05	21000000	22000000	3	0	0	0	2	0	2	0	Dt_conserved
HC04_D05	24000000	25000000	0	0	1	8	0	0	0	0	Dt_conserved
HC04_D05	25000000	26000000	2	0	0	0	6	0	0	1	Dt_conserved
HC04_D05	26000000	27000000	0	3	2	0	0	4	0	7	Dt_conserved
HC04_D05	27000000	28000000	0	1	0	30	2	0	0	0	Dt_conserved
HC04_D05	28000000	29000000	0	0	0	0	0	0	0	3	Dt_conserved
HC04_D05	29000000	30000000	0	1	0	0	0	0	0	0	Dt_conserved
HC04_D05	30000000	31000000	7	1	0	0	7	0	0	0	Dt_conserved
HC04_D05	31000000	32000000	1	0	25	0	1	0	0	0	Dt_conserved
HC04_D05	32000000	33000000	2	0	2	0	20	0	2	0	Dt_conserved
HC04_D05	33000000	34000000	0	1	0	0	0	0	1	0	Dt_conserved
HC04_D05	54000000	55000000	1	0	0	1	0	0	1	0	Dt_conserved
HC04_D05	55000000	56000000	0	1	0	14	1	0	3	0	Dt_conserved
HC04_D05	57000000	58000000	2	5	0	2	1	10	0	0	Dt_conserved
HC04_D05	58000000	59000000	20	0	0	0	0	0	0	0	Dt_conserved
HC04_D05	59000000	60000000	0	0	0	3	7	1	0	0	Dt_conserved
HC04_D05	60000000	61000000	15	5	0	0	8	0	1	0	Dt_conserved
HC04_D05	61000000	62000000	0	0	2	4	3	0	0	0	Dt_conserved
HC04_D05	62000000	63000000	0	0	0	0	3	0	2	0	Dt_conserved
HC04_D05	63000000	64000000	3	1	2	1	1	0	0	3	Dt_conserved
HC04_D05	64000000	65000000	2	2	0	0	15	1	1	4	Dt_conserved
HC04_D05	65000000	66000000	0	0	0	0	0	0	2	25	Dt_conserved
HC04_D05	66000000	67000000	0	0	9	0	13	0	0	0	Dt_conserved
HC04_D06	0	1000000	5	0	0	1	0	0	0	0	Dt_conserved
HC04_D06	1000000	2000000	1	0	0	1	0	0	0	0	Dt_conserved
HC04_D06	2000000	3000000	5	1	1	0	6	0	0	6	Dt_conserved
HC04_D06	3000000	4000000	0	0	0	28	1	0	0	0	Dt_conserved
HC04_D06	4000000	5000000	0	2	0	0	1	0	2	0	Dt_conserved
HC04_D06	5000000	6000000	7	0	0	4	1	0	3	0	Dt_conserved
HC04_D06	6000000	7000000	0	0	11	2	0	0	0	0	Dt_conserved
HC04_D06	7000000	8000000	1	1	0	17	0	2	0	0	Dt_conserved
HC04_D06	8000000	9000000	0	0	0	0	8	0	0	0	Dt_conserved
HC04_D06	9000000	10000000	11	0	0	0	0	0	0	0	Dt_conserved
HC04_D06	10000000	11000000	0	0	0	0	0	2	0	0	Dt_conserved
HC04_D06	11000000	12000000	0	0	0	5	0	0	4	0	Dt_conserved
HC04_D06	12000000	13000000	0	0	0	1	0	0	7	1	Dt_conserved
HC04_D06	13000000	14000000	0	0	0	0	8	0	0	1	Dt_conserved
HC04_D06	14000000	15000000	0	0	2	0	7	0	1	0	Dt_conserved
HC04_D06	15000000	16000000	0	0	0	0	0	0	1	0	Dt_conserved
HC04_D06	18000000	19000000	4	0	0	0	0	0	0	0	Dt_conserved
HC04_D06	19000000	20000000	4	0	0	0	0	0	0	0	Dt_conserved
HC04_D06	20000000	21000000	0	0	0	0	1	0	3	0	Dt_conserved
HC04_D06	22000000	23000000	0	0	0	1	0	0	0	0	Dt_conserved
HC04_D06	24000000	25000000	0	0	0	0	0	1	0	0	Dt_conserved
HC04_D06	25000000	26000000	3	0	0	3	1	0	0	0	Dt_conserved
HC04_D06	27000000	28000000	5	0	0	2	0	0	0	0	Dt_conserved
HC04_D06	28000000	29000000	7	0	0	0	0	0	0	0	Dt_conserved
HC04_D06	29000000	30000000	5	0	0	0	0	0	2	0	Dt_conserved
HC04_D06	32000000	33000000	0	0	0	2	0	0	1	4	Dt_conserved
HC04_D06	33000000	34000000	0	0	0	0	0	0	0	1	Dt_conserved
HC04_D06	34000000	35000000	7	0	0	0	0	0	0	0	Dt_conserved
HC04_D06	36000000	37000000	4	0	0	3	0	0	0	0	Dt_conserved
HC04_D06	37000000	38000000	0	0	0	0	3	0	0	4	Dt_conserved
HC04_D06	38000000	39000000	0	4	0	0	0	0	0	0	Dt_conserved
HC04_D06	39000000	40000000	0	1	0	0	3	0	0	0	Dt_conserved
HC04_D06	42000000	43000000	3	1	1	0	2	0	0	0	Dt_conserved
HC04_D06	48000000	49000000	0	1	0	0	0	0	0	0	Dt_conserved
HC04_D06	49000000	50000000	0	0	0	0	0	1	0	0	Dt_conserved
HC04_D06	50000000	51000000	0	0	0	0	0	1	0	0	Dt_conserved
HC04_D06	51000000	52000000	0	0	0	0	0	1	0	0	Dt_conserved
HC04_D06	52000000	53000000	0	6	0	0	0	0	0	0	Dt_conserved
HC04_D06	55000000	56000000	0	0	0	0	12	1	0	0	Dt_conserved
HC04_D06	56000000	57000000	0	0	0	10	6	0	0	0	Dt_conserved
HC04_D06	57000000	58000000	0	0	0	13	2	0	0	0	Dt_conserved
HC04_D06	58000000	59000000	2	0	2	0	0	0	4	0	Dt_conserved
HC04_D06	59000000	60000000	13	0	2	0	9	1	0	0	Dt_conserved
HC04_D06	60000000	61000000	0	2	0	0	12	0	0	0	Dt_conserved
HC04_D06	61000000	62000000	0	0	2	16	0	0	1	6	Dt_conserved
HC04_D06	62000000	63000000	1	0	0	0	0	0	0	1	Dt_conserved
HC04_D06	63000000	64000000	2	0	9	0	0	0	4	11	Dt_conserved
HC04_D06	64000000	65000000	0	0	18	5	10	0	0	0	Dt_conserved
HC04_D06	65000000	66000000	9	1	0	7	6	0	3	0	Dt_conserved
HC04_D07	2000000	3000000	5	0	0	0	0	0	4	26	Dt_conserved
HC04_D07	3000000	4000000	22	0	0	0	0	2	0	0	Dt_conserved
HC04_D07	4000000	5000000	4	0	0	0	1	0	0	0	Dt_conserved
HC04_D07	6000000	7000000	23	0	0	0	0	0	0	0	Dt_conserved
HC04_D07	7000000	8000000	0	0	0	0	0	3	0	0	Dt_conserved
HC04_D07	8000000	9000000	0	19	0	3	1	0	1	1	Dt_conserved
HC04_D07	10000000	11000000	0	0	0	0	0	18	0	0	Dt_conserved
HC04_D07	11000000	12000000	1	0	0	0	0	0	0	19	Dt_conserved
HC04_D07	12000000	13000000	6	5	1	0	1	0	7	13	Dt_conserved
HC04_D07	13000000	14000000	1	6	0	0	0	0	0	0	Dt_conserved
HC04_D07	15000000	16000000	9	7	0	8	0	0	0	4	Dt_conserved
HC04_D07	19000000	20000000	0	2	0	14	0	0	0	12	Dt_conserved
HC04_D07	20000000	21000000	0	1	3	0	0	0	0	24	Dt_conserved
HC04_D07	21000000	22000000	0	1	0	0	0	0	0	0	Dt_conserved
HC04_D07	23000000	24000000	0	8	0	1	0	0	4	14	Dt_conserved
HC04_D07	25000000	26000000	0	0	0	6	13	0	1	0	Dt_conserved
HC04_D07	26000000	27000000	0	0	0	20	0	0	0	0	Dt_conserved
HC04_D07	28000000	29000000	1	0	0	16	0	0	1	0	Dt_conserved
HC04_D07	29000000	30000000	2	0	0	15	5	0	6	0	Dt_conserved
HC04_D07	30000000	31000000	3	0	0	12	13	0	0	0	Dt_conserved
HC04_D07	31000000	32000000	16	0	0	0	2	0	0	0	Dt_conserved
HC04_D07	32000000	33000000	1	0	0	0	0	0	0	10	Dt_conserved
HC04_D07	35000000	36000000	0	0	0	0	1	1	12	0	Dt_conserved
HC04_D07	37000000	38000000	0	0	1	0	0	0	0	3	Dt_conserved
HC04_D07	39000000	40000000	3	10	0	13	2	0	0	2	Dt_conserved
HC04_D07	40000000	41000000	0	0	6	0	9	0	6	13	Dt_conserved
HC04_D07	41000000	42000000	0	0	1	0	0	0	0	1	Dt_conserved
HC04_D07	42000000	43000000	1	0	0	0	0	0	1	4	Dt_conserved
HC04_D07	43000000	44000000	12	0	0	0	3	0	0	0	Dt_conserved
HC04_D07	44000000	45000000	17	0	0	2	0	0	0	0	Dt_conserved
HC04_D07	45000000	46000000	0	0	0	0	2	0	0	0	Dt_conserved
HC04_D07	46000000	47000000	0	9	0	0	5	0	0	0	Dt_conserved
HC04_D07	48000000	49000000	0	0	0	0	4	0	0	0	Dt_conserved
HC04_D07	51000000	52000000	7	0	6	0	0	2	0	13	Dt_conserved
HC04_D07	52000000	53000000	2	0	0	0	0	0	0	22	Dt_conserved
HC04_D07	53000000	54000000	5	0	2	0	1	0	0	20	Dt_conserved
HC04_D07	54000000	55000000	0	1	0	0	19	1	10	0	Dt_conserved
HC04_D07	56000000	57000000	2	6	0	0	2	0	0	0	Dt_conserved
HC04_D07	57000000	58000000	0	0	0	0	0	0	0	1	Dt_conserved
HC04_D07	58000000	59000000	2	0	0	0	5	0	0	1	Dt_conserved
HC04_D07	59000000	60000000	6	0	6	0	3	0	0	0	Dt_conserved
HC04_D08	0	1000000	0	1	2	0	0	0	0	15	Dt_conserved
HC04_D08	1000000	2000000	0	1	0	2	0	0	0	0	Dt_conserved
HC04_D08	2000000	3000000	0	0	0	0	2	0	0	0	Dt_conserved
HC04_D08	3000000	4000000	0	21	0	0	2	0	7	0	Dt_conserved
HC04_D08	4000000	5000000	0	1	15	1	0	0	5	0	Dt_conserved
HC04_D08	5000000	6000000	23	1	0	0	4	1	0	0	Dt_conserved
HC04_D08	6000000	7000000	16	1	2	0	0	1	3	0	Dt_conserved
HC04_D08	7000000	8000000	8	0	2	19	0	0	3	0	Dt_conserved
HC04_D08	8000000	9000000	3	1	1	6	4	16	0	0	Dt_conserved
HC04_D08	9000000	10000000	0	0	0	0	0	0	1	0	Dt_conserved
HC04_D08	10000000	11000000	0	0	0	6	16	0	0	1	Dt_conserved
HC04_D08	11000000	12000000	0	7	0	0	3	0	0	0	Dt_conserved
HC04_D08	12000000	13000000	0	14	1	0	0	0	0	1	Dt_conserved
HC04_D08	13000000	14000000	0	2	0	0	2	0	1	0	Dt_conserved
HC04_D08	14000000	15000000	0	1	0	1	0	0	0	0	Dt_conserved
HC04_D08	15000000	16000000	0	2	0	3	0	0	0	0	Dt_conserved
HC04_D08	16000000	17000000	0	0	0	0	0	0	0	1	Dt_conserved
HC04_D08	17000000	18000000	0	8	1	19	0	1	1	0	Dt_conserved
HC04_D08	18000000	19000000	0	0	0	3	0	4	0	0	Dt_conserved
HC04_D08	21000000	22000000	0	1	0	0	3	0	1	0	Dt_conserved
HC04_D08	22000000	23000000	0	0	0	0	0	0	0	23	Dt_conserved
HC04_D08	25000000	26000000	0	3	0	9	0	0	1	5	Dt_conserved
HC04_D08	26000000	27000000	0	0	0	0	0	0	3	0	Dt_conserved
HC04_D08	28000000	29000000	0	3	0	0	0	0	0	0	Dt_conserved
HC04_D08	29000000	30000000	0	2	0	0	0	0	0	0	Dt_conserved
HC04_D08	30000000	31000000	0	0	0	0	2	2	0	0	Dt_conserved
HC04_D08	31000000	32000000	0	1	0	0	0	1	2	0	Dt_conserved
HC04_D08	32000000	33000000	0	1	0	0	0	3	0	0	Dt_conserved
HC04_D08	34000000	35000000	0	1	0	0	0	1	2	0	Dt_conserved
HC04_D08	35000000	36000000	0	0	0	0	4	0	0	0	Dt_conserved
HC04_D08	36000000	37000000	0	4	0	0	0	0	0	0	Dt_conserved
HC04_D08	37000000	38000000	0	1	0	0	0	3	0	0	Dt_conserved
HC04_D08	40000000	41000000	1	2	0	0	0	1	0	0	Dt_conserved
HC04_D08	41000000	42000000	1	0	0	0	3	0	0	0	Dt_conserved
HC04_D08	46000000	47000000	0	1	0	0	1	0	2	0	Dt_conserved
HC04_D08	47000000	48000000	0	0	0	8	0	1	0	0	Dt_conserved
HC04_D08	48000000	49000000	0	0	0	0	0	4	0	8	Dt_conserved
HC04_D08	52000000	53000000	0	3	0	0	0	1	0	8	Dt_conserved
HC04_D08	53000000	54000000	0	0	0	0	7	4	0	8	Dt_conserved
HC04_D08	54000000	55000000	0	0	0	0	0	0	0	12	Dt_conserved
HC04_D08	55000000	56000000	0	0	0	0	0	5	0	1	Dt_conserved
HC04_D08	61000000	62000000	1	0	0	0	0	0	0	0	Dt_conserved
HC04_D08	62000000	63000000	0	0	0	0	0	0	0	22	Dt_conserved
HC04_D08	63000000	64000000	0	0	0	0	0	0	0	20	Dt_conserved
HC04_D08	64000000	65000000	0	0	0	0	1	0	0	0	Dt_conserved
HC04_D08	65000000	66000000	1	1	0	0	0	0	3	0	Dt_conserved
HC04_D08	66000000	67000000	2	2	1	5	2	11	0	0	Dt_conserved
HC04_D08	67000000	68000000	0	0	1	2	0	0	0	6	Dt_conserved
HC04_D08	69000000	70000000	7	0	4	15	9	0	1	0	Dt_conserved
HC04_D08	70000000	71000000	0	0	15	0	0	3	2	0	Dt_conserved
HC04_D09	1000000	2000000	5	4	0	0	7	0	0	18	Dt_conserved
HC04_D09	2000000	3000000	14	0	0	0	3	0	0	4	Dt_conserved
HC04_D09	3000000	4000000	0	6	0	14	0	0	1	2	Dt_conserved
HC04_D09	6000000	7000000	0	0	0	4	4	0	3	1	Dt_conserved
HC04_D09	7000000	8000000	0	2	0	0	23	0	2	1	Dt_conserved
HC04_D09	8000000	9000000	0	0	0	1	0	0	0	0	Dt_conserved
HC04_D09	9000000	10000000	0	0	0	0	0	0	0	3	Dt_conserved
HC04_D09	10000000	11000000	0	0	0	0	2	0	0	0	Dt_conserved
HC04_D09	11000000	12000000	1	1	0	1	4	0	1	18	Dt_conserved
HC04_D09	12000000	13000000	0	0	0	0	0	0	6	0	Dt_conserved
HC04_D09	15000000	16000000	13	0	0	0	0	0	2	0	Dt_conserved
HC04_D09	16000000	17000000	0	1	1	5	0	6	2	0	Dt_conserved
HC04_D09	18000000	19000000	1	6	0	1	3	0	1	1	Dt_conserved
HC04_D09	19000000	20000000	0	0	0	0	0	4	0	9	Dt_conserved
HC04_D09	20000000	21000000	0	0	0	0	13	0	0	0	Dt_conserved
HC04_D09	24000000	25000000	7	0	0	0	0	2	0	4	Dt_conserved
HC04_D09	25000000	26000000	0	0	0	0	0	9	0	4	Dt_conserved
HC04_D09	26000000	27000000	1	0	0	0	9	2	0	3	Dt_conserved
HC04_D09	27000000	28000000	0	0	2	0	0	0	7	0	Dt_conserved
HC04_D09	28000000	29000000	0	2	6	0	0	0	0	0	Dt_conserved
HC04_D09	29000000	30000000	0	0	0	0	2	0	0	2	Dt_conserved
HC04_D09	30000000	31000000	0	0	0	0	1	0	0	1	Dt_conserved
HC04_D09	32000000	33000000	0	3	0	0	0	0	1	0	Dt_conserved
HC04_D09	33000000	34000000	0	0	0	0	0	0	20	0	Dt_conserved
HC04_D09	34000000	35000000	2	0	0	0	0	0	2	0	Dt_conserved
HC04_D09	35000000	36000000	1	0	0	25	0	0	2	0	Dt_conserved
HC04_D09	36000000	37000000	0	0	0	0	0	0	2	0	Dt_conserved
HC04_D09	37000000	38000000	0	0	0	0	0	0	2	0	Dt_conserved
HC04_D09	38000000	39000000	1	0	0	0	0	3	0	0	Dt_conserved
HC04_D09	39000000	40000000	0	0	0	0	0	19	0	0	Dt_conserved
HC04_D09	41000000	42000000	5	0	0	9	2	1	0	0	Dt_conserved
HC04_D09	43000000	44000000	15	0	0	0	2	0	1	0	Dt_conserved
HC04_D09	44000000	45000000	3	2	0	0	13	1	1	0	Dt_conserved
HC04_D09	45000000	46000000	0	0	0	1	0	18	0	10	Dt_conserved
HC04_D09	46000000	47000000	10	0	2	14	1	0	0	0	Dt_conserved
HC04_D09	47000000	48000000	10	0	0	0	4	0	8	3	Dt_conserved
HC04_D09	48000000	49000000	4	3	0	0	7	0	0	0	Dt_conserved
HC04_D09	49000000	50000000	11	0	0	0	0	0	6	2	Dt_conserved
HC04_D09	50000000	51000000	0	0	0	0	5	0	0	0	Dt_conserved
HC04_D09	51000000	52000000	2	5	0	3	0	0	7	0	Dt_conserved
HC04_D09	52000000	53000000	0	0	0	0	0	6	6	14	Dt_conserved
HC04_D09	53000000	54000000	8	0	3	0	0	3	2	0	Dt_conserved
HC04_D09	54000000	55000000	15	0	0	0	1	0	0	0	Dt_conserved
HC04_D10	0	1000000	5	8	1	0	0	0	0	0	Dt_conserved
HC04_D10	1000000	2000000	3	1	0	15	0	0	0	0	Dt_conserved
HC04_D10	2000000	3000000	2	1	0	11	11	0	10	0	Dt_conserved
HC04_D10	3000000	4000000	5	0	0	0	10	3	6	8	Dt_conserved
HC04_D10	4000000	5000000	0	2	0	1	0	4	3	23	Dt_conserved
HC04_D10	5000000	6000000	2	2	2	0	9	1	0	14	Dt_conserved
HC04_D10	6000000	7000000	0	7	0	1	4	2	8	14	Dt_conserved
HC04_D10	7000000	8000000	1	1	0	4	6	3	0	21	Dt_conserved
HC04_D10	8000000	9000000	0	0	0	23	7	0	0	6	Dt_conserved
HC04_D10	9000000	10000000	0	7	0	0	1	5	0	7	Dt_conserved
HC04_D10	10000000	11000000	0	0	0	0	1	0	0	15	Dt_conserved
HC04_D10	11000000	12000000	1	0	0	0	0	1	0	16	Dt_conserved
HC04_D10	12000000	13000000	7	1	0	0	0	0	0	10	Dt_conserved
HC04_D10	13000000	14000000	1	0	0	0	10	0	0	10	Dt_conserved
HC04_D10	16000000	17000000	0	0	0	0	2	0	0	0	Dt_conserved
HC04_D10	17000000	18000000	0	0	0	0	0	0	3	0	Dt_conserved
HC04_D10	18000000	19000000	0	2	0	0	0	0	0	0	Dt_conserved
HC04_D10	19000000	20000000	0	0	0	0	0	0	0	1	Dt_conserved
HC04_D10	20000000	21000000	0	1	0	0	0	0	0	0	Dt_conserved
HC04_D10	23000000	24000000	0	5	8	9	12	1	0	0	Dt_conserved
HC04_D10	24000000	25000000	7	0	0	0	0	0	5	0	Dt_conserved
HC04_D10	25000000	26000000	0	10	0	0	0	0	0	0	Dt_conserved
HC04_D10	28000000	29000000	3	1	0	0	20	0	0	0	Dt_conserved
HC04_D10	29000000	30000000	0	24	0	0	0	0	0	0	Dt_conserved
HC04_D10	31000000	32000000	1	0	0	0	0	0	0	0	Dt_conserved
HC04_D10	48000000	49000000	0	0	0	2	0	0	0	0	Dt_conserved
HC04_D10	49000000	50000000	1	2	0	0	1	0	0	0	Dt_conserved
HC04_D10	50000000	51000000	2	1	0	0	0	0	0	0	Dt_conserved
HC04_D10	52000000	53000000	0	0	0	0	0	0	0	2	Dt_conserved
HC04_D10	53000000	54000000	0	0	0	0	0	0	0	3	Dt_conserved
HC04_D10	54000000	55000000	6	0	0	1	3	0	0	0	Dt_conserved
HC04_D10	56000000	57000000	6	0	4	0	0	0	1	0	Dt_conserved
HC04_D10	57000000	58000000	0	1	0	0	0	0	0	0	Dt_conserved
HC04_D10	58000000	59000000	0	0	7	0	1	0	3	0	Dt_conserved
HC04_D10	59000000	60000000	6	0	0	0	2	0	3	0	Dt_conserved
HC04_D10	60000000	61000000	18	1	0	8	8	0	0	0	Dt_conserved
HC04_D10	61000000	62000000	0	0	0	0	0	0	4	0	Dt_conserved
HC04_D10	62000000	63000000	2	13	0	14	1	0	0	0	Dt_conserved
HC04_D10	64000000	65000000	1	25	3	0	0	5	1	0	Dt_conserved
HC04_D10	65000000	66000000	2	1	1	8	11	13	0	0	Dt_conserved
HC04_D10	66000000	67000000	6	0	0	3	4	2	1	3	Dt_conserved
HC04_D10	67000000	68000000	3	6	0	25	1	0	0	0	Dt_conserved
HC04_D11	1000000	2000000	7	0	3	6	0	0	0	20	Dt_conserved
HC04_D11	2000000	3000000	0	0	0	0	10	2	0	0	Dt_conserved
HC04_D11	3000000	4000000	6	1	0	2	15	3	3	2	Dt_conserved
HC04_D11	4000000	5000000	0	1	1	0	0	0	3	0	Dt_conserved
HC04_D11	5000000	6000000	0	1	0	0	1	0	0	0	Dt_conserved
HC04_D11	6000000	7000000	4	1	0	0	0	0	0	1	Dt_conserved
HC04_D11	7000000	8000000	5	4	0	0	0	0	0	0	Dt_conserved
HC04_D11	8000000	9000000	5	0	0	0	6	1	0	23	Dt_conserved
HC04_D11	9000000	10000000	3	4	0	14	0	1	11	3	Dt_conserved
HC04_D11	10000000	11000000	5	1	0	3	1	0	0	2	Dt_conserved
HC04_D11	11000000	12000000	1	0	0	0	0	0	0	0	Dt_conserved
HC04_D11	12000000	13000000	1	0	0	0	0	0	0	7	Dt_conserved
HC04_D11	13000000	14000000	0	0	0	23	0	0	4	0	Dt_conserved
HC04_D11	14000000	15000000	20	0	0	2	0	0	0	0	Dt_conserved
HC04_D11	15000000	16000000	16	0	0	1	0	7	0	0	Dt_conserved
HC04_D11	16000000	17000000	0	1	0	0	14	0	0	0	Dt_conserved
HC04_D11	17000000	18000000	2	0	0	0	1	0	0	12	Dt_conserved
HC04_D11	43000000	44000000	0	1	0	0	2	0	0	0	Dt_conserved
HC04_D11	44000000	45000000	0	0	0	1	0	0	0	0	Dt_conserved
HC04_D11	46000000	47000000	0	0	0	0	0	0	0	2	Dt_conserved
HC04_D11	48000000	49000000	0	9	0	0	0	0	0	7	Dt_conserved
HC04_D11	51000000	52000000	0	0	0	0	0	0	0	1	Dt_conserved
HC04_D11	53000000	54000000	3	1	0	0	0	0	0	0	Dt_conserved
HC04_D11	54000000	55000000	0	1	0	0	0	0	0	0	Dt_conserved
HC04_D11	55000000	56000000	5	0	0	0	0	10	1	0	Dt_conserved
HC04_D11	56000000	57000000	4	2	0	0	1	9	1	0	Dt_conserved
HC04_D11	57000000	58000000	0	0	0	0	0	0	11	0	Dt_conserved
HC04_D11	58000000	59000000	0	0	0	0	0	0	1	0	Dt_conserved
HC04_D11	59000000	60000000	0	3	0	26	0	0	0	0	Dt_conserved
HC04_D11	60000000	61000000	0	0	0	0	1	3	0	0	Dt_conserved
HC04_D11	61000000	62000000	0	25	0	0	0	1	2	1	Dt_conserved
HC04_D11	62000000	63000000	3	0	0	0	0	0	0	2	Dt_conserved
HC04_D11	63000000	64000000	1	0	0	19	4	1	0	0	Dt_conserved
HC04_D11	64000000	65000000	1	2	0	0	5	0	0	0	Dt_conserved
HC04_D11	65000000	66000000	2	0	0	0	0	1	0	4	Dt_conserved
HC04_D11	66000000	67000000	2	0	0	0	0	0	1	10	Dt_conserved
HC04_D11	67000000	68000000	1	0	0	3	12	0	0	4	Dt_conserved
HC04_D11	68000000	69000000	0	0	0	0	0	0	0	2	Dt_conserved
HC04_D11	69000000	70000000	0	0	0	0	0	2	0	26	Dt_conserved
HC04_D11	70000000	71000000	6	0	0	0	0	0	2	26	Dt_conserved
HC04_D11	71000000	72000000	0	0	0	0	0	0	2	2	Dt_conserved
HC04_D11	72000000	73000000	0	0	0	0	0	0	1	0	Dt_conserved
HC04_D12	0	1000000	4	9	0	0	0	0	0	0	Dt_conserved
HC04_D12	1000000	2000000	20	1	0	15	0	0	0	0	Dt_conserved
HC04_D12	2000000	3000000	2	0	1	7	5	0	16	1	Dt_conserved
HC04_D12	3000000	4000000	0	1	0	1	3	2	0	7	Dt_conserved
HC04_D12	4000000	5000000	6	0	0	0	2	0	9	5	Dt_conserved
HC04_D12	5000000	6000000	0	0	0	0	0	0	2	9	Dt_conserved
HC04_D12	6000000	7000000	6	3	0	0	1	4	1	0	Dt_conserved
HC04_D12	7000000	8000000	0	0	7	0	0	0	0	0	Dt_conserved
HC04_D12	10000000	11000000	0	8	0	0	0	0	0	0	Dt_conserved
HC04_D12	11000000	12000000	7	0	0	2	3	0	0	0	Dt_conserved
HC04_D12	28000000	29000000	0	0	0	1	0	0	0	0	Dt_conserved
HC04_D12	30000000	31000000	0	0	0	0	0	0	0	1	Dt_conserved
HC04_D12	31000000	32000000	0	0	0	6	0	0	0	0	Dt_conserved
HC04_D12	32000000	33000000	0	0	0	0	0	0	0	6	Dt_conserved
HC04_D12	33000000	34000000	1	2	0	1	0	0	1	1	Dt_conserved
HC04_D12	36000000	37000000	2	0	0	0	0	0	0	0	Dt_conserved
HC04_D12	38000000	39000000	1	0	0	0	0	0	0	0	Dt_conserved
HC04_D12	39000000	40000000	0	3	0	0	0	0	0	0	Dt_conserved
HC04_D12	40000000	41000000	3	0	0	17	0	0	0	10	Dt_conserved
HC04_D12	41000000	42000000	0	0	0	0	5	0	0	0	Dt_conserved
HC04_D12	42000000	43000000	0	0	0	0	0	0	0	3	Dt_conserved
HC04_D12	43000000	44000000	0	0	0	0	0	0	0	3	Dt_conserved
HC04_D12	44000000	45000000	0	0	0	0	0	0	0	8	Dt_conserved
HC04_D12	45000000	46000000	9	0	4	0	3	0	3	0	Dt_conserved
HC04_D12	46000000	47000000	2	0	0	5	3	18	0	0	Dt_conserved
HC04_D12	47000000	48000000	11	0	4	1	8	0	0	0	Dt_conserved
HC04_D12	48000000	49000000	0	0	0	0	0	0	2	0	Dt_conserved
HC04_D12	50000000	51000000	0	0	0	0	17	4	5	0	Dt_conserved
HC04_D12	51000000	52000000	0	3	0	3	11	3	2	0	Dt_conserved
HC04_D12	52000000	53000000	6	2	0	0	0	0	2	0	Dt_conserved
HC04_D12	53000000	54000000	1	0	0	0	1	0	10	0	Dt_conserved
HC04_D12	54000000	55000000	0	0	0	4	4	0	0	1	Dt_conserved
HC04_D12	55000000	56000000	0	0	2	0	5	0	3	0	Dt_conserved
HC04_D12	56000000	57000000	5	1	0	10	6	0	3	0	Dt_conserved
HC04_D12	57000000	58000000	1	1	0	0	0	1	2	0	Dt_conserved
HC04_D12	58000000	59000000	0	16	0	8	1	0	0	0	Dt_conserved
HC04_D12	60000000	61000000	0	17	0	0	0	5	3	4	Dt_conserved
HC04_D12	61000000	62000000	2	5	2	0	1	1	0	1	Dt_conserved
HC04_D12	62000000	63000000	0	5	0	0	6	1	4	2	Dt_conserved
HC04_D13	0	1000000	0	0	0	0	12	1	0	11	Dt_conserved
HC04_D13	1000000	2000000	9	5	19	0	0	0	1	2	Dt_conserved
HC04_D13	2000000	3000000	2	14	0	6	2	5	0	0	Dt_conserved
HC04_D13	3000000	4000000	0	29	0	0	0	0	0	0	Dt_conserved
HC04_D13	4000000	5000000	0	5	0	21	6	1	0	0	Dt_conserved
HC04_D13	5000000	6000000	2	0	26	0	0	0	0	0	Dt_conserved
HC04_D13	7000000	8000000	17	2	1	0	10	0	0	0	Dt_conserved
HC04_D13	8000000	9000000	4	0	0	0	0	0	10	0	Dt_conserved
HC04_D13	33000000	34000000	0	0	0	0	14	4	0	0	Dt_conserved
HC04_D13	37000000	38000000	0	0	0	3	0	0	0	0	Dt_conserved
HC04_D13	41000000	42000000	0	5	0	0	0	0	0	0	Dt_conserved
HC04_D13	42000000	43000000	17	2	0	0	4	1	0	12	Dt_conserved
HC04_D13	43000000	44000000	0	23	0	0	0	0	0	0	Dt_conserved
HC04_D13	45000000	46000000	0	0	0	0	0	0	0	22	Dt_conserved
HC04_D13	46000000	47000000	1	0	0	0	0	0	0	1	Dt_conserved
HC04_D13	47000000	48000000	5	0	0	0	0	0	0	0	Dt_conserved
HC04_D13	49000000	50000000	0	3	0	2	0	0	2	1	Dt_conserved
HC04_D13	50000000	51000000	0	16	0	0	0	0	0	0	Dt_conserved
HC04_D13	52000000	53000000	0	1	1	0	0	17	1	11	Dt_conserved
HC04_D13	53000000	54000000	0	11	0	0	0	0	0	0	Dt_conserved
HC04_D13	54000000	55000000	2	5	0	1	0	0	0	0	Dt_conserved
HC04_D13	56000000	57000000	9	0	19	0	2	3	0	0	Dt_conserved
HC04_D13	57000000	58000000	30	2	0	0	0	0	1	0	Dt_conserved
HC04_D13	58000000	59000000	0	0	1	1	0	0	0	4	Dt_conserved
HC04_D13	59000000	60000000	0	0	0	0	0	0	0	18	Dt_conserved
HC04_D13	61000000	62000000	16	0	2	11	4	0	0	1	Dt_conserved
HC04_D13	62000000	63000000	6	0	2	0	3	0	0	0	Dt_conserved
HC04_D13	64000000	65000000	3	0	0	2	1	0	0	0	Dt_conserved
