AtChr	AtStart	AtEnd	DtChr	DtStart	DtEnd	cumSeq	AtIS_count	DtIS_count
HC04_A01	118000000	119000000	HC04_D01	1000000	2000000	420582	18	5
HC04_A01	116000000	117000000	HC04_D01	2000000	3000000	455767	31	16
HC04_A01	115000000	116000000	HC04_D01	3000000	4000000	530267	30	4
HC04_A01	114000000	115000000	HC04_D01	4000000	5000000	515380	0	31
HC04_A01	112000000	113000000	HC04_D01	5000000	6000000	535317	25	31
HC04_A01	111000000	112000000	HC04_D01	6000000	7000000	525511	12	35
HC04_A01	109000000	110000000	HC04_D01	7000000	8000000	288489	2	35
HC04_A01	108000000	109000000	HC04_D01	8000000	9000000	257270	0	4
HC04_A01	107000000	108000000	HC04_D01	9000000	10000000	523678	0	0
HC04_A01	106000000	107000000	HC04_D01	10000000	11000000	310161	0	0
HC04_A01	104000000	105000000	HC04_D01	11000000	12000000	379158	21	0
HC04_A01	96000000	97000000	HC04_D01	12000000	13000000	331306	13	0
HC04_A01	98000000	99000000	HC04_D01	13000000	14000000	202979	13	0
HC04_A01	102000000	103000000	HC04_D01	14000000	15000000	337489	15	0
HC04_A01	103000000	104000000	HC04_D01	15000000	16000000	202899	21	0
HC04_A01	93000000	94000000	HC04_D01	16000000	17000000	458947	0	9
HC04_A01	79000000	80000000	HC04_D01	17000000	18000000	223757	1	14
HC04_A01	90000000	91000000	HC04_D01	18000000	19000000	155031	0	14
HC04_A01	83000000	84000000	HC04_D01	19000000	20000000	293034	0	13
HC04_A01	85000000	86000000	HC04_D01	20000000	21000000	180341	0	7
HC04_A01	88000000	89000000	HC04_D01	21000000	22000000	174270	0	9
HC04_A01	75000000	76000000	HC04_D01	22000000	23000000	309401	1	9
HC04_A01	73000000	74000000	HC04_D01	23000000	24000000	356163	1	9
HC04_A01	71000000	72000000	HC04_D01	24000000	25000000	119287	1	9
HC04_A01	64000000	65000000	HC04_D01	25000000	26000000	309998	1	9
HC04_A01	62000000	63000000	HC04_D01	27000000	28000000	100707	1	9
HC04_A01	56000000	57000000	HC04_D01	32000000	33000000	259340	1	9
HC04_A01	54000000	55000000	HC04_D01	33000000	34000000	174531	1	0
HC04_A01	53000000	54000000	HC04_D01	34000000	35000000	109453	1	0
HC04_A01	50000000	51000000	HC04_D01	35000000	36000000	278910	1	15
HC04_A01	49000000	50000000	HC04_D01	36000000	37000000	355755	1	8
HC04_A01	41000000	42000000	HC04_D01	37000000	38000000	263932	20	8
HC04_A01	42000000	43000000	HC04_D01	38000000	39000000	427864	0	0
HC04_A01	44000000	45000000	HC04_D01	39000000	40000000	286670	3	0
HC04_A01	40000000	41000000	HC04_D01	40000000	41000000	171630	0	0
HC04_A01	35000000	36000000	HC04_D01	41000000	42000000	158687	0	0
HC04_A01	33000000	34000000	HC04_D01	42000000	43000000	327636	2	0
HC04_A01	32000000	33000000	HC04_D01	43000000	44000000	211814	1	0
HC04_A01	28000000	29000000	HC04_D01	44000000	45000000	207303	4	0
HC04_A01	27000000	28000000	HC04_D01	45000000	46000000	212666	1	0
HC04_A01	25000000	26000000	HC04_D01	46000000	47000000	407705	1	30
HC04_A01	23000000	24000000	HC04_D01	47000000	48000000	388421	1	2
HC04_A01	22000000	23000000	HC04_D01	48000000	49000000	383261	0	2
HC04_A01	20000000	21000000	HC04_D01	49000000	50000000	427588	25	2
HC04_A01	19000000	20000000	HC04_D01	50000000	51000000	614320	21	8
HC04_A01	18000000	19000000	HC04_D01	51000000	52000000	489476	33	0
HC04_A01	16000000	17000000	HC04_D01	52000000	53000000	359147	3	1
HC04_A01	14000000	15000000	HC04_D01	53000000	54000000	419420	22	0
HC04_A01	13000000	14000000	HC04_D01	54000000	55000000	419123	2	17
HC04_A01	12000000	13000000	HC04_D01	55000000	56000000	509351	19	2
HC04_A01	10000000	11000000	HC04_D01	56000000	57000000	552326	32	7
HC04_A01	9000000	10000000	HC04_D01	57000000	58000000	437748	27	6
HC04_A01	8000000	9000000	HC04_D01	58000000	59000000	539970	33	31
HC04_A01	7000000	8000000	HC04_D01	59000000	60000000	621411	2	16
HC04_A01	5000000	6000000	HC04_D01	60000000	61000000	308550	25	29
HC04_A01	4000000	5000000	HC04_D01	61000000	62000000	263708	35	36
HC04_A01	3000000	4000000	HC04_D01	62000000	63000000	449615	30	25
HC04_A01	2000000	3000000	HC04_D01	63000000	64000000	473383	21	27
HC04_A01	1000000	2000000	HC04_D01	64000000	65000000	472014	32	26
HC04_A02	107000000	108000000	HC04_D02	0	1000000	414982	21	32
HC04_A02	106000000	107000000	HC04_D02	2000000	3000000	285833	27	33
HC04_A02	105000000	106000000	HC04_D02	3000000	4000000	374786	36	22
HC04_A02	104000000	105000000	HC04_D02	4000000	5000000	642048	24	24
HC04_A02	103000000	104000000	HC04_D02	5000000	6000000	498626	13	19
HC04_A02	102000000	103000000	HC04_D02	6000000	7000000	366662	24	25
HC04_A02	100000000	101000000	HC04_D02	7000000	8000000	465888	36	36
HC04_A02	99000000	100000000	HC04_D02	8000000	9000000	514614	0	0
HC04_A02	98000000	99000000	HC04_D02	9000000	10000000	445461	0	18
HC04_A02	96000000	97000000	HC04_D02	10000000	11000000	344817	1	16
HC04_A02	95000000	96000000	HC04_D02	11000000	12000000	397404	3	23
HC04_A02	94000000	95000000	HC04_D02	12000000	13000000	431611	2	0
HC04_A02	92000000	93000000	HC04_D02	13000000	14000000	419736	0	5
HC04_A02	91000000	92000000	HC04_D02	14000000	15000000	431721	0	5
HC04_A02	89000000	90000000	HC04_D02	15000000	16000000	421256	0	5
HC04_A02	88000000	89000000	HC04_D02	16000000	17000000	250125	0	0
HC04_A02	86000000	87000000	HC04_D02	17000000	18000000	294631	0	21
HC04_A03	33000000	34000000	HC04_D02	18000000	19000000	216730	2	21
HC04_A03	34000000	35000000	HC04_D02	19000000	20000000	217880	6	21
HC04_A03	79000000	80000000	HC04_D02	20000000	21000000	115373	0	21
HC04_A03	26000000	27000000	HC04_D02	21000000	22000000	154314	0	21
HC04_A02	79000000	80000000	HC04_D02	22000000	23000000	116691	0	21
HC04_A02	76000000	77000000	HC04_D02	23000000	24000000	273448	0	0
HC04_A02	75000000	76000000	HC04_D02	24000000	25000000	241941	0	0
HC04_A02	73000000	74000000	HC04_D02	25000000	26000000	190950	0	1
HC04_A03	28000000	29000000	HC04_D02	26000000	27000000	109263	0	1
HC04_A03	37000000	38000000	HC04_D02	27000000	28000000	207638	0	1
HC04_A02	83000000	84000000	HC04_D02	28000000	29000000	327653	0	0
HC04_A03	36000000	37000000	HC04_D02	29000000	30000000	101045	0	8
HC04_A02	82000000	83000000	HC04_D02	30000000	31000000	253624	0	2
HC04_A02	81000000	82000000	HC04_D02	31000000	32000000	213669	0	0
HC04_A03	51000000	52000000	HC04_D02	38000000	39000000	271654	0	0
HC04_A03	65000000	66000000	HC04_D02	39000000	40000000	162860	0	0
HC04_A03	56000000	57000000	HC04_D02	40000000	41000000	165264	1	0
HC04_A03	44000000	45000000	HC04_D02	41000000	42000000	253380	0	0
HC04_A03	46000000	47000000	HC04_D02	42000000	43000000	312921	0	9
HC04_A03	48000000	49000000	HC04_D02	43000000	44000000	305721	0	7
HC04_A03	49000000	50000000	HC04_D02	44000000	45000000	251600	0	0
HC04_A03	66000000	67000000	HC04_D02	46000000	47000000	268904	5	0
HC04_A03	68000000	69000000	HC04_D02	47000000	48000000	390288	3	0
HC04_A03	70000000	71000000	HC04_D02	48000000	49000000	334387	0	0
HC04_A03	71000000	72000000	HC04_D02	49000000	50000000	282580	0	8
HC04_A03	73000000	74000000	HC04_D02	50000000	51000000	335632	0	1
HC04_A03	75000000	76000000	HC04_D02	51000000	52000000	276975	0	15
HC04_A03	83000000	84000000	HC04_D02	52000000	53000000	229114	0	0
HC04_A03	85000000	86000000	HC04_D02	53000000	54000000	228737	0	0
HC04_A03	86000000	87000000	HC04_D02	54000000	55000000	258118	8	35
HC04_A03	89000000	90000000	HC04_D02	55000000	56000000	392134	0	35
HC04_A03	78000000	79000000	HC04_D02	56000000	57000000	240814	0	12
HC04_A03	91000000	92000000	HC04_D02	57000000	58000000	316460	0	0
HC04_A03	92000000	93000000	HC04_D02	58000000	59000000	446565	2	20
HC04_A03	94000000	95000000	HC04_D02	59000000	60000000	358329	0	23
HC04_A03	95000000	96000000	HC04_D02	60000000	61000000	317578	4	3
HC04_A03	97000000	98000000	HC04_D02	61000000	62000000	331531	28	30
HC04_A03	99000000	100000000	HC04_D02	62000000	63000000	375880	0	28
HC04_A03	101000000	102000000	HC04_D02	63000000	64000000	529536	15	20
HC04_A03	102000000	103000000	HC04_D02	64000000	65000000	402855	1	18
HC04_A03	104000000	105000000	HC04_D02	65000000	66000000	444555	2	23
HC04_A03	105000000	106000000	HC04_D02	66000000	67000000	396962	21	19
HC04_A03	106000000	107000000	HC04_D02	67000000	68000000	598628	14	12
HC04_A03	107000000	108000000	HC04_D02	68000000	69000000	376884	13	25
HC04_A03	109000000	110000000	HC04_D02	69000000	70000000	465426	2	31
HC04_A03	110000000	111000000	HC04_D02	70000000	71000000	741605	24	27
HC04_A03	111000000	112000000	HC04_D02	71000000	72000000	769056	18	0
HC04_A03	112000000	113000000	HC04_D02	72000000	73000000	642703	30	33
HC04_A03	0	1000000	HC04_D03	0	1000000	733606	21	6
HC04_A03	1000000	2000000	HC04_D03	1000000	2000000	420393	15	7
HC04_A03	2000000	3000000	HC04_D03	2000000	3000000	547613	19	35
HC04_A03	3000000	4000000	HC04_D03	3000000	4000000	582556	26	30
HC04_A03	4000000	5000000	HC04_D03	4000000	5000000	530981	7	29
HC04_A03	5000000	6000000	HC04_D03	5000000	6000000	452586	25	7
HC04_A03	6000000	7000000	HC04_D03	6000000	7000000	393237	30	18
HC04_A03	8000000	9000000	HC04_D03	7000000	8000000	427400	22	1
HC04_A03	9000000	10000000	HC04_D03	8000000	9000000	513254	7	11
HC04_A03	10000000	11000000	HC04_D03	9000000	10000000	511338	0	0
HC04_A03	12000000	13000000	HC04_D03	10000000	11000000	391750	0	8
HC04_A03	13000000	14000000	HC04_D03	11000000	12000000	390010	1	3
HC04_A03	14000000	15000000	HC04_D03	12000000	13000000	659673	0	2
HC04_A03	16000000	17000000	HC04_D03	13000000	14000000	378444	0	4
HC04_A03	23000000	24000000	HC04_D03	14000000	15000000	313233	0	0
HC04_A03	20000000	21000000	HC04_D03	15000000	16000000	417461	0	0
HC04_A03	19000000	20000000	HC04_D03	16000000	17000000	317719	0	2
HC04_A03	17000000	18000000	HC04_D03	17000000	18000000	473365	10	0
HC04_A03	24000000	25000000	HC04_D03	18000000	19000000	186893	0	0
HC04_A02	65000000	66000000	HC04_D03	19000000	20000000	289301	0	9
HC04_A02	63000000	64000000	HC04_D03	20000000	21000000	321135	0	8
HC04_A02	61000000	62000000	HC04_D03	21000000	22000000	377771	0	5
HC04_A02	59000000	60000000	HC04_D03	22000000	23000000	292975	4	31
HC04_A02	58000000	59000000	HC04_D03	23000000	24000000	289223	4	0
HC04_A02	17000000	18000000	HC04_D03	24000000	25000000	119290	0	0
HC04_A02	33000000	34000000	HC04_D03	26000000	27000000	100447	0	1
HC04_A02	52000000	53000000	HC04_D03	27000000	28000000	139039	4	28
HC04_A02	34000000	35000000	HC04_D03	28000000	29000000	212772	0	0
HC04_A02	35000000	36000000	HC04_D03	29000000	30000000	225266	0	0
HC04_A02	36000000	37000000	HC04_D03	30000000	31000000	141166	0	0
HC04_A02	18000000	19000000	HC04_D03	31000000	32000000	259062	0	0
HC04_A02	20000000	21000000	HC04_D03	32000000	33000000	387185	0	0
HC04_A02	46000000	47000000	HC04_D03	33000000	34000000	180039	4	0
HC04_A02	43000000	44000000	HC04_D03	34000000	35000000	141605	0	0
HC04_A02	42000000	43000000	HC04_D03	35000000	36000000	345123	1	0
HC04_A02	40000000	41000000	HC04_D03	36000000	37000000	213104	0	0
HC04_A02	15000000	16000000	HC04_D03	37000000	38000000	115348	0	0
HC04_A02	30000000	31000000	HC04_D03	39000000	40000000	207758	0	0
HC04_A02	23000000	24000000	HC04_D03	42000000	43000000	297974	0	0
HC04_A02	24000000	25000000	HC04_D03	43000000	44000000	445021	0	0
HC04_A02	26000000	27000000	HC04_D03	44000000	45000000	351337	4	0
HC04_A02	12000000	13000000	HC04_D03	45000000	46000000	317975	0	0
HC04_A02	5000000	6000000	HC04_D03	46000000	47000000	266454	0	0
HC04_A02	7000000	8000000	HC04_D03	47000000	48000000	420755	9	0
HC04_A02	8000000	9000000	HC04_D03	48000000	49000000	442356	10	3
HC04_A02	9000000	10000000	HC04_D03	49000000	50000000	390423	26	0
HC04_A02	4000000	5000000	HC04_D03	50000000	51000000	407800	10	24
HC04_A02	3000000	4000000	HC04_D03	51000000	52000000	615221	32	19
HC04_A02	2000000	3000000	HC04_D03	52000000	53000000	617383	10	10
HC04_A02	1000000	2000000	HC04_D03	53000000	54000000	624220	29	14
HC04_A04	88000000	89000000	HC04_D04	0	1000000	469121	13	10
HC04_A04	86000000	87000000	HC04_D04	2000000	3000000	401013	12	15
HC04_A04	85000000	86000000	HC04_D04	3000000	4000000	388425	21	20
HC04_A04	84000000	85000000	HC04_D04	4000000	5000000	636712	17	25
HC04_A04	83000000	84000000	HC04_D04	5000000	6000000	470953	29	0
HC04_A04	82000000	83000000	HC04_D04	6000000	7000000	324905	10	6
HC04_A04	80000000	81000000	HC04_D04	7000000	8000000	502595	1	5
HC04_A04	79000000	80000000	HC04_D04	8000000	9000000	504989	0	0
HC04_A04	77000000	78000000	HC04_D04	9000000	10000000	476093	1	0
HC04_A04	76000000	77000000	HC04_D04	10000000	11000000	363490	0	1
HC04_A04	75000000	76000000	HC04_D04	11000000	12000000	553166	0	18
HC04_A04	73000000	74000000	HC04_D04	12000000	13000000	361101	0	1
HC04_A04	71000000	72000000	HC04_D04	13000000	14000000	322583	0	14
HC04_A04	70000000	71000000	HC04_D04	14000000	15000000	436366	0	0
HC04_A04	68000000	69000000	HC04_D04	15000000	16000000	420504	0	0
HC04_A04	66000000	67000000	HC04_D04	16000000	17000000	236718	1	0
HC04_A04	65000000	66000000	HC04_D04	17000000	18000000	356449	0	0
HC04_A04	63000000	64000000	HC04_D04	18000000	19000000	280184	4	0
HC04_A04	59000000	60000000	HC04_D04	19000000	20000000	319779	2	0
HC04_A04	58000000	59000000	HC04_D04	20000000	21000000	201851	0	0
HC04_A04	50000000	51000000	HC04_D04	21000000	22000000	369690	0	0
HC04_A04	51000000	52000000	HC04_D04	22000000	23000000	323877	0	0
HC04_A04	44000000	45000000	HC04_D04	23000000	24000000	100018	0	0
HC04_A04	23000000	24000000	HC04_D04	24000000	25000000	199169	0	0
HC04_A04	21000000	22000000	HC04_D04	25000000	26000000	246947	0	0
HC04_A04	41000000	42000000	HC04_D04	26000000	27000000	122452	0	0
HC04_A04	52000000	53000000	HC04_D04	27000000	28000000	181368	0	0
HC04_A04	45000000	46000000	HC04_D04	28000000	29000000	115249	0	0
HC04_A04	28000000	29000000	HC04_D04	33000000	34000000	164150	0	5
HC04_A04	29000000	30000000	HC04_D04	35000000	36000000	296405	0	0
HC04_A04	31000000	32000000	HC04_D04	36000000	37000000	176000	0	0
HC04_A04	16000000	17000000	HC04_D04	37000000	38000000	133618	0	0
HC04_A05	95000000	96000000	HC04_D04	38000000	39000000	179692	16	0
HC04_A05	92000000	93000000	HC04_D04	39000000	40000000	132858	16	0
HC04_A05	91000000	92000000	HC04_D04	40000000	41000000	192371	16	0
HC04_A05	87000000	88000000	HC04_D04	41000000	42000000	363977	0	0
HC04_A05	86000000	87000000	HC04_D04	42000000	43000000	435408	0	0
HC04_A05	85000000	86000000	HC04_D04	43000000	44000000	447314	0	0
HC04_A05	83000000	84000000	HC04_D04	44000000	45000000	431186	0	0
HC04_A05	81000000	82000000	HC04_D04	45000000	46000000	251751	0	0
HC04_A05	79000000	80000000	HC04_D04	46000000	47000000	424353	0	1
HC04_A05	98000000	99000000	HC04_D04	47000000	48000000	419854	17	0
HC04_A05	99000000	100000000	HC04_D04	48000000	49000000	630371	33	6
HC04_A05	100000000	101000000	HC04_D04	49000000	50000000	447175	3	0
HC04_A05	102000000	103000000	HC04_D04	50000000	51000000	399730	15	1
HC04_A05	103000000	104000000	HC04_D04	51000000	52000000	489143	3	10
HC04_A05	104000000	105000000	HC04_D04	52000000	53000000	525285	5	4
HC04_A05	106000000	107000000	HC04_D04	53000000	54000000	407374	20	1
HC04_A05	107000000	108000000	HC04_D04	54000000	55000000	615937	23	23
HC04_A05	108000000	109000000	HC04_D04	55000000	56000000	565522	5	14
HC04_A05	109000000	110000000	HC04_D04	56000000	57000000	510979	14	9
HC04_A05	111000000	112000000	HC04_D04	57000000	58000000	435732	30	16
HC04_A05	112000000	113000000	HC04_D04	58000000	59000000	500355	22	20
HC04_A05	0	1000000	HC04_D05	0	1000000	682734	7	31
HC04_A05	1000000	2000000	HC04_D05	1000000	2000000	695096	3	3
HC04_A05	2000000	3000000	HC04_D05	2000000	3000000	536279	4	18
HC04_A05	3000000	4000000	HC04_D05	3000000	4000000	390760	25	1
HC04_A05	5000000	6000000	HC04_D05	4000000	5000000	650673	30	0
HC04_A05	6000000	7000000	HC04_D05	5000000	6000000	640010	33	36
HC04_A05	7000000	8000000	HC04_D05	6000000	7000000	718771	12	18
HC04_A05	8000000	9000000	HC04_D05	7000000	8000000	705827	30	9
HC04_A05	9000000	10000000	HC04_D05	8000000	9000000	825455	13	7
HC04_A05	10000000	11000000	HC04_D05	9000000	10000000	707540	33	20
HC04_A05	11000000	12000000	HC04_D05	10000000	11000000	695110	1	8
HC04_A05	12000000	13000000	HC04_D05	11000000	12000000	608072	3	3
HC04_A05	13000000	14000000	HC04_D05	12000000	13000000	539701	1	19
HC04_A05	14000000	15000000	HC04_D05	13000000	14000000	482063	23	4
HC04_A05	16000000	17000000	HC04_D05	14000000	15000000	425980	10	0
HC04_A05	17000000	18000000	HC04_D05	15000000	16000000	461708	9	19
HC04_A05	18000000	19000000	HC04_D05	16000000	17000000	455578	16	3
HC04_A05	19000000	20000000	HC04_D05	17000000	18000000	623808	0	23
HC04_A05	20000000	21000000	HC04_D05	18000000	19000000	720417	1	12
HC04_A05	21000000	22000000	HC04_D05	19000000	20000000	669016	28	31
HC04_A05	22000000	23000000	HC04_D05	20000000	21000000	534103	23	32
HC04_A05	23000000	24000000	HC04_D05	21000000	22000000	546566	5	7
HC04_A05	25000000	26000000	HC04_D05	22000000	23000000	472807	5	0
HC04_A05	26000000	27000000	HC04_D05	23000000	24000000	474220	4	0
HC04_A05	27000000	28000000	HC04_D05	24000000	25000000	490676	5	9
HC04_A05	29000000	30000000	HC04_D05	25000000	26000000	584713	1	9
HC04_A05	30000000	31000000	HC04_D05	26000000	27000000	589599	25	16
HC04_A05	32000000	33000000	HC04_D05	27000000	28000000	482733	14	33
HC04_A05	33000000	34000000	HC04_D05	28000000	29000000	540664	28	3
HC04_A05	35000000	36000000	HC04_D05	29000000	30000000	339422	36	1
HC04_A05	36000000	37000000	HC04_D05	30000000	31000000	399676	16	15
HC04_A05	37000000	38000000	HC04_D05	31000000	32000000	342238	8	27
HC04_A05	39000000	40000000	HC04_D05	32000000	33000000	409035	7	26
HC04_A05	41000000	42000000	HC04_D05	33000000	34000000	247311	4	2
HC04_A05	43000000	44000000	HC04_D05	34000000	35000000	376294	8	0
HC04_A05	44000000	45000000	HC04_D05	35000000	36000000	420603	0	0
HC04_A05	46000000	47000000	HC04_D05	36000000	37000000	212541	0	0
HC04_A05	48000000	49000000	HC04_D05	37000000	38000000	329843	0	0
HC04_A05	49000000	50000000	HC04_D05	38000000	39000000	196753	0	0
HC04_A05	53000000	54000000	HC04_D05	39000000	40000000	158121	0	0
HC04_A05	55000000	56000000	HC04_D05	41000000	42000000	102669	0	0
HC04_A05	54000000	55000000	HC04_D05	42000000	43000000	122270	0	0
HC04_A05	60000000	61000000	HC04_D05	45000000	46000000	140390	0	0
HC04_A05	78000000	79000000	HC04_D05	46000000	47000000	284845	0	0
HC04_A05	76000000	77000000	HC04_D05	47000000	48000000	234592	0	0
HC04_A05	75000000	76000000	HC04_D05	48000000	49000000	277511	0	0
HC04_A05	73000000	74000000	HC04_D05	49000000	50000000	264090	0	0
HC04_A05	71000000	72000000	HC04_D05	50000000	51000000	232432	0	0
HC04_A05	67000000	68000000	HC04_D05	51000000	52000000	145296	0	0
HC04_A05	65000000	66000000	HC04_D05	52000000	53000000	182599	0	0
HC04_A04	15000000	16000000	HC04_D05	53000000	54000000	361491	0	0
HC04_A04	14000000	15000000	HC04_D05	54000000	55000000	347635	0	3
HC04_A04	12000000	13000000	HC04_D05	55000000	56000000	231728	6	19
HC04_A04	10000000	11000000	HC04_D05	57000000	58000000	340146	0	20
HC04_A04	9000000	10000000	HC04_D05	58000000	59000000	165023	18	20
HC04_A04	8000000	9000000	HC04_D05	59000000	60000000	331179	24	11
HC04_A04	7000000	8000000	HC04_D05	60000000	61000000	135353	13	29
HC04_A04	6000000	7000000	HC04_D05	61000000	62000000	320333	20	9
HC04_A04	4000000	5000000	HC04_D05	62000000	63000000	398044	31	5
HC04_A04	3000000	4000000	HC04_D05	63000000	64000000	256558	17	11
HC04_A04	2000000	3000000	HC04_D05	64000000	65000000	208090	21	25
HC04_A04	1000000	2000000	HC04_D05	65000000	66000000	424958	32	27
HC04_A04	0	1000000	HC04_D05	66000000	67000000	439791	25	22
HC04_A06	0	1000000	HC04_D06	0	1000000	859607	4	6
HC04_A06	1000000	2000000	HC04_D06	1000000	2000000	600808	12	2
HC04_A06	2000000	3000000	HC04_D06	2000000	3000000	449939	33	19
HC04_A06	3000000	4000000	HC04_D06	3000000	4000000	560011	34	29
HC04_A06	4000000	5000000	HC04_D06	4000000	5000000	393007	31	5
HC04_A06	5000000	6000000	HC04_D06	5000000	6000000	441735	12	15
HC04_A06	6000000	7000000	HC04_D06	6000000	7000000	546287	23	13
HC04_A06	7000000	8000000	HC04_D06	7000000	8000000	409198	25	21
HC04_A06	9000000	10000000	HC04_D06	8000000	9000000	343700	18	8
HC04_A06	10000000	11000000	HC04_D06	9000000	10000000	481758	3	11
HC04_A06	11000000	12000000	HC04_D06	10000000	11000000	459819	18	2
HC04_A06	13000000	14000000	HC04_D06	11000000	12000000	400706	18	9
HC04_A06	15000000	16000000	HC04_D06	12000000	13000000	478068	18	9
HC04_A06	17000000	18000000	HC04_D06	13000000	14000000	402516	5	9
HC04_A06	18000000	19000000	HC04_D06	14000000	15000000	207692	10	10
HC04_A06	20000000	21000000	HC04_D06	15000000	16000000	259057	12	1
HC04_A06	39000000	40000000	HC04_D06	16000000	17000000	254187	17	0
HC04_A06	27000000	28000000	HC04_D06	17000000	18000000	247956	9	0
HC04_A06	28000000	29000000	HC04_D06	18000000	19000000	234730	17	4
HC04_A06	22000000	23000000	HC04_D06	19000000	20000000	146599	5	4
HC04_A06	41000000	42000000	HC04_D06	20000000	21000000	196807	17	4
HC04_A06	31000000	32000000	HC04_D06	21000000	22000000	375287	17	0
HC04_A06	32000000	33000000	HC04_D06	22000000	23000000	234263	17	1
HC04_A06	34000000	35000000	HC04_D06	23000000	24000000	324969	17	0
HC04_A06	36000000	37000000	HC04_D06	24000000	25000000	148410	17	1
HC04_A06	49000000	50000000	HC04_D06	25000000	26000000	176289	0	7
HC04_A06	76000000	77000000	HC04_D06	27000000	28000000	177073	1	7
HC04_A06	78000000	79000000	HC04_D06	28000000	29000000	246449	0	7
HC04_A06	77000000	78000000	HC04_D06	29000000	30000000	262842	0	7
HC04_A06	67000000	68000000	HC04_D06	32000000	33000000	178613	0	7
HC04_A06	66000000	67000000	HC04_D06	33000000	34000000	250588	0	1
HC04_A06	64000000	65000000	HC04_D06	34000000	35000000	226917	0	7
HC04_A06	60000000	61000000	HC04_D06	36000000	37000000	274242	0	7
HC04_A06	57000000	58000000	HC04_D06	37000000	38000000	253535	0	7
HC04_A06	86000000	87000000	HC04_D06	38000000	39000000	195466	0	4
HC04_A06	55000000	56000000	HC04_D06	39000000	40000000	205335	0	4
HC04_A06	51000000	52000000	HC04_D06	40000000	41000000	281480	0	0
HC04_A06	83000000	84000000	HC04_D06	41000000	42000000	137733	1	0
HC04_A06	88000000	89000000	HC04_D06	42000000	43000000	328410	2	7
HC04_A06	91000000	92000000	HC04_D06	43000000	44000000	272230	2	0
HC04_A06	92000000	93000000	HC04_D06	44000000	45000000	609817	0	0
HC04_A06	93000000	94000000	HC04_D06	45000000	46000000	372304	5	0
HC04_A06	95000000	96000000	HC04_D06	46000000	47000000	350563	2	0
HC04_A06	96000000	97000000	HC04_D06	47000000	48000000	270287	3	0
HC04_A06	99000000	100000000	HC04_D06	48000000	49000000	347619	4	1
HC04_A06	102000000	103000000	HC04_D06	49000000	50000000	326952	2	1
HC04_A06	104000000	105000000	HC04_D06	50000000	51000000	450148	6	1
HC04_A06	105000000	106000000	HC04_D06	51000000	52000000	237305	8	1
HC04_A06	108000000	109000000	HC04_D06	52000000	53000000	406188	10	6
HC04_A06	110000000	111000000	HC04_D06	53000000	54000000	497415	1	0
HC04_A06	111000000	112000000	HC04_D06	54000000	55000000	620782	15	0
HC04_A06	112000000	113000000	HC04_D06	55000000	56000000	479587	12	13
HC04_A06	115000000	116000000	HC04_D06	56000000	57000000	179360	0	16
HC04_A06	116000000	117000000	HC04_D06	57000000	58000000	454126	0	15
HC04_A06	118000000	119000000	HC04_D06	58000000	59000000	435132	0	8
HC04_A06	119000000	120000000	HC04_D06	59000000	60000000	328845	2	25
HC04_A06	121000000	122000000	HC04_D06	60000000	61000000	471632	2	14
HC04_A06	122000000	123000000	HC04_D06	61000000	62000000	154086	0	25
HC04_A06	123000000	124000000	HC04_D06	62000000	63000000	524607	18	2
HC04_A06	124000000	125000000	HC04_D06	63000000	64000000	521469	6	26
HC04_A06	125000000	126000000	HC04_D06	64000000	65000000	639365	34	33
HC04_A06	126000000	127000000	HC04_D06	65000000	66000000	433083	27	26
HC04_A07	97000000	98000000	HC04_D07	1000000	2000000	710736	25	0
HC04_A07	96000000	97000000	HC04_D07	2000000	3000000	597289	25	35
HC04_A07	95000000	96000000	HC04_D07	3000000	4000000	759956	24	24
HC04_A07	94000000	95000000	HC04_D07	4000000	5000000	490226	36	5
HC04_A07	93000000	94000000	HC04_D07	5000000	6000000	641631	28	0
HC04_A07	92000000	93000000	HC04_D07	6000000	7000000	379999	33	23
HC04_A07	90000000	91000000	HC04_D07	7000000	8000000	526254	10	3
HC04_A07	86000000	87000000	HC04_D07	8000000	9000000	251527	2	25
HC04_A07	84000000	85000000	HC04_D07	9000000	10000000	399340	22	0
HC04_A07	83000000	84000000	HC04_D07	10000000	11000000	364653	5	18
HC04_A07	81000000	82000000	HC04_D07	11000000	12000000	288307	2	20
HC04_A07	80000000	81000000	HC04_D07	12000000	13000000	306549	2	33
HC04_A07	78000000	79000000	HC04_D07	13000000	14000000	270681	2	7
HC04_A07	59000000	60000000	HC04_D07	14000000	15000000	216636	2	0
HC04_A07	76000000	77000000	HC04_D07	15000000	16000000	176175	2	28
HC04_A07	74000000	75000000	HC04_D07	19000000	20000000	126772	2	28
HC04_A07	57000000	58000000	HC04_D07	20000000	21000000	176427	2	28
HC04_A07	56000000	57000000	HC04_D07	21000000	22000000	396336	2	1
HC04_A07	54000000	55000000	HC04_D07	22000000	23000000	162035	8	0
HC04_A07	64000000	65000000	HC04_D07	23000000	24000000	212914	2	27
HC04_A07	53000000	54000000	HC04_D07	24000000	25000000	170600	2	0
HC04_A07	51000000	52000000	HC04_D07	25000000	26000000	318921	2	20
HC04_A07	49000000	50000000	HC04_D07	26000000	27000000	353878	2	20
HC04_A07	45000000	46000000	HC04_D07	28000000	29000000	335153	0	18
HC04_A07	44000000	45000000	HC04_D07	29000000	30000000	273426	8	28
HC04_A07	42000000	43000000	HC04_D07	30000000	31000000	279828	8	28
HC04_A07	41000000	42000000	HC04_D07	31000000	32000000	302105	3	18
HC04_A07	39000000	40000000	HC04_D07	32000000	33000000	189299	2	11
HC04_A07	37000000	38000000	HC04_D07	33000000	34000000	351640	2	0
HC04_A07	34000000	35000000	HC04_D07	34000000	35000000	374190	2	0
HC04_A07	32000000	33000000	HC04_D07	35000000	36000000	328861	0	14
HC04_A07	30000000	31000000	HC04_D07	37000000	38000000	434319	2	4
HC04_A07	29000000	30000000	HC04_D07	38000000	39000000	513679	0	0
HC04_A07	27000000	28000000	HC04_D07	39000000	40000000	465189	29	30
HC04_A07	26000000	27000000	HC04_D07	40000000	41000000	545793	26	34
HC04_A07	24000000	25000000	HC04_D07	41000000	42000000	433218	4	2
HC04_A07	23000000	24000000	HC04_D07	42000000	43000000	481238	18	6
HC04_A07	22000000	23000000	HC04_D07	43000000	44000000	488632	28	15
HC04_A07	20000000	21000000	HC04_D07	44000000	45000000	462249	0	19
HC04_A07	19000000	20000000	HC04_D07	45000000	46000000	672589	9	2
HC04_A07	18000000	19000000	HC04_D07	46000000	47000000	380969	0	14
HC04_A07	16000000	17000000	HC04_D07	47000000	48000000	463721	2	0
HC04_A07	15000000	16000000	HC04_D07	48000000	49000000	477312	27	4
HC04_A07	12000000	13000000	HC04_D07	49000000	50000000	313233	4	0
HC04_A07	11000000	12000000	HC04_D07	50000000	51000000	362957	14	0
HC04_A07	10000000	11000000	HC04_D07	51000000	52000000	637556	17	28
HC04_A07	9000000	10000000	HC04_D07	52000000	53000000	597828	15	24
HC04_A07	7000000	8000000	HC04_D07	53000000	54000000	423982	2	28
HC04_A07	6000000	7000000	HC04_D07	54000000	55000000	730619	0	31
HC04_A07	5000000	6000000	HC04_D07	55000000	56000000	809300	17	0
HC04_A07	4000000	5000000	HC04_D07	56000000	57000000	761134	16	10
HC04_A07	3000000	4000000	HC04_D07	57000000	58000000	652864	34	1
HC04_A07	2000000	3000000	HC04_D07	58000000	59000000	624879	34	8
HC04_A07	1000000	2000000	HC04_D07	59000000	60000000	585070	8	15
HC04_A08	0	1000000	HC04_D08	0	1000000	777124	9	18
HC04_A08	1000000	2000000	HC04_D08	1000000	2000000	812448	17	3
HC04_A08	2000000	3000000	HC04_D08	2000000	3000000	806036	13	2
HC04_A08	3000000	4000000	HC04_D08	3000000	4000000	528703	24	30
HC04_A08	4000000	5000000	HC04_D08	4000000	5000000	509981	0	22
HC04_A08	5000000	6000000	HC04_D08	5000000	6000000	364197	32	29
HC04_A08	6000000	7000000	HC04_D08	6000000	7000000	468880	21	23
HC04_A08	8000000	9000000	HC04_D08	7000000	8000000	513362	24	32
HC04_A08	9000000	10000000	HC04_D08	8000000	9000000	443561	17	31
HC04_A08	10000000	11000000	HC04_D08	9000000	10000000	468899	29	1
HC04_A08	11000000	12000000	HC04_D08	10000000	11000000	232705	0	23
HC04_A08	13000000	14000000	HC04_D08	11000000	12000000	371521	0	10
HC04_A08	14000000	15000000	HC04_D08	12000000	13000000	628473	17	16
HC04_A08	15000000	16000000	HC04_D08	13000000	14000000	541243	12	5
HC04_A08	17000000	18000000	HC04_D08	14000000	15000000	383881	0	2
HC04_A08	18000000	19000000	HC04_D08	15000000	16000000	443301	1	5
HC04_A08	20000000	21000000	HC04_D08	16000000	17000000	609174	8	1
HC04_A08	21000000	22000000	HC04_D08	17000000	18000000	526845	15	30
HC04_A08	23000000	24000000	HC04_D08	18000000	19000000	339628	0	7
HC04_A08	24000000	25000000	HC04_D08	19000000	20000000	434825	0	0
HC04_A08	26000000	27000000	HC04_D08	20000000	21000000	251227	0	0
HC04_A08	30000000	31000000	HC04_D08	21000000	22000000	148217	26	5
HC04_A08	32000000	33000000	HC04_D08	22000000	23000000	444789	25	23
HC04_A08	33000000	34000000	HC04_D08	23000000	24000000	282526	2	0
HC04_A08	35000000	36000000	HC04_D08	24000000	25000000	334922	25	0
HC04_A08	52000000	53000000	HC04_D08	25000000	26000000	136396	11	18
HC04_A08	49000000	50000000	HC04_D08	26000000	27000000	228853	11	3
HC04_A08	47000000	48000000	HC04_D08	27000000	28000000	239359	11	0
HC04_A08	48000000	49000000	HC04_D08	28000000	29000000	230834	11	3
HC04_A08	42000000	43000000	HC04_D08	29000000	30000000	242136	12	2
HC04_A08	39000000	40000000	HC04_D08	30000000	31000000	416734	25	4
HC04_A08	37000000	38000000	HC04_D08	31000000	32000000	279291	25	4
HC04_A08	58000000	59000000	HC04_D08	32000000	33000000	117617	11	4
HC04_A08	63000000	64000000	HC04_D08	34000000	35000000	313323	11	4
HC04_A08	61000000	62000000	HC04_D08	35000000	36000000	245465	11	4
HC04_A08	54000000	55000000	HC04_D08	36000000	37000000	122386	11	4
HC04_A08	56000000	57000000	HC04_D08	37000000	38000000	147250	11	4
HC04_A08	65000000	66000000	HC04_D08	40000000	41000000	121583	11	4
HC04_A08	69000000	70000000	HC04_D08	41000000	42000000	215111	11	4
HC04_A08	88000000	89000000	HC04_D08	46000000	47000000	197042	11	4
HC04_A08	90000000	91000000	HC04_D08	47000000	48000000	195120	11	9
HC04_A08	93000000	94000000	HC04_D08	48000000	49000000	287007	11	12
HC04_A08	85000000	86000000	HC04_D08	52000000	53000000	138241	11	12
HC04_A08	98000000	99000000	HC04_D08	53000000	54000000	220348	11	19
HC04_A08	102000000	103000000	HC04_D08	54000000	55000000	192874	11	12
HC04_A08	103000000	104000000	HC04_D08	55000000	56000000	202960	11	6
HC04_A08	106000000	107000000	HC04_D08	56000000	57000000	272000	0	0
HC04_A08	107000000	108000000	HC04_D08	57000000	58000000	363820	0	0
HC04_A08	109000000	110000000	HC04_D08	58000000	59000000	277424	0	0
HC04_A08	110000000	111000000	HC04_D08	59000000	60000000	466905	0	0
HC04_A08	112000000	113000000	HC04_D08	60000000	61000000	335763	0	0
HC04_A08	114000000	115000000	HC04_D08	61000000	62000000	475755	12	1
HC04_A08	115000000	116000000	HC04_D08	62000000	63000000	474807	1	22
HC04_A08	117000000	118000000	HC04_D08	63000000	64000000	402307	1	20
HC04_A08	118000000	119000000	HC04_D08	64000000	65000000	551440	1	1
HC04_A08	119000000	120000000	HC04_D08	65000000	66000000	583774	19	5
HC04_A08	120000000	121000000	HC04_D08	66000000	67000000	449627	31	23
HC04_A08	121000000	122000000	HC04_D08	67000000	68000000	456292	0	9
HC04_A08	123000000	124000000	HC04_D08	68000000	69000000	536670	34	0
HC04_A08	124000000	125000000	HC04_D08	69000000	70000000	351755	16	36
HC04_A08	125000000	126000000	HC04_D08	70000000	71000000	611786	32	20
HC04_A09	86000000	87000000	HC04_D09	0	1000000	403553	35	0
HC04_A09	85000000	86000000	HC04_D09	1000000	2000000	405839	10	34
HC04_A09	84000000	85000000	HC04_D09	2000000	3000000	462369	2	21
HC04_A09	83000000	84000000	HC04_D09	3000000	4000000	391644	28	23
HC04_A09	81000000	82000000	HC04_D09	6000000	7000000	415224	32	12
HC04_A09	80000000	81000000	HC04_D09	7000000	8000000	379560	10	28
HC04_A09	79000000	80000000	HC04_D09	8000000	9000000	526250	6	1
HC04_A09	78000000	79000000	HC04_D09	9000000	10000000	405335	12	3
HC04_A09	76000000	77000000	HC04_D09	10000000	11000000	332202	0	2
HC04_A09	73000000	74000000	HC04_D09	11000000	12000000	196339	0	26
HC04_A09	71000000	72000000	HC04_D09	12000000	13000000	388728	8	6
HC04_A09	69000000	70000000	HC04_D09	13000000	14000000	110447	0	0
HC04_A09	51000000	52000000	HC04_D09	14000000	15000000	109434	0	0
HC04_A09	55000000	56000000	HC04_D09	15000000	16000000	188884	0	15
HC04_A09	58000000	59000000	HC04_D09	16000000	17000000	278060	20	15
HC04_A09	62000000	63000000	HC04_D09	18000000	19000000	352316	0	13
HC04_A09	63000000	64000000	HC04_D09	19000000	20000000	237904	6	13
HC04_A09	65000000	66000000	HC04_D09	20000000	21000000	187537	0	13
HC04_A09	46000000	47000000	HC04_D09	24000000	25000000	148550	0	13
HC04_A09	42000000	43000000	HC04_D09	25000000	26000000	174011	0	13
HC04_A09	43000000	44000000	HC04_D09	26000000	27000000	167197	0	15
HC04_A09	38000000	39000000	HC04_D09	27000000	28000000	334673	0	9
HC04_A09	37000000	38000000	HC04_D09	28000000	29000000	287026	0	8
HC04_A09	35000000	36000000	HC04_D09	29000000	30000000	320648	0	4
HC04_A09	33000000	34000000	HC04_D09	30000000	31000000	502498	21	2
HC04_A09	31000000	32000000	HC04_D09	31000000	32000000	257942	21	0
HC04_A09	29000000	30000000	HC04_D09	32000000	33000000	370523	23	4
HC04_A09	28000000	29000000	HC04_D09	33000000	34000000	581872	0	20
HC04_A09	27000000	28000000	HC04_D09	34000000	35000000	513579	0	4
HC04_A09	25000000	26000000	HC04_D09	35000000	36000000	362639	8	28
HC04_A09	23000000	24000000	HC04_D09	36000000	37000000	319214	3	2
HC04_A09	22000000	23000000	HC04_D09	37000000	38000000	434352	0	2
HC04_A09	21000000	22000000	HC04_D09	38000000	39000000	483157	14	4
HC04_A09	19000000	20000000	HC04_D09	39000000	40000000	425982	1	19
HC04_A09	18000000	19000000	HC04_D09	40000000	41000000	464612	10	0
HC04_A09	17000000	18000000	HC04_D09	41000000	42000000	447092	6	17
HC04_A09	15000000	16000000	HC04_D09	42000000	43000000	638959	0	0
HC04_A09	14000000	15000000	HC04_D09	43000000	44000000	621726	12	18
HC04_A09	13000000	14000000	HC04_D09	44000000	45000000	503610	30	20
HC04_A09	11000000	12000000	HC04_D09	45000000	46000000	539666	30	29
HC04_A09	10000000	11000000	HC04_D09	46000000	47000000	587590	34	27
HC04_A09	9000000	10000000	HC04_D09	47000000	48000000	755417	21	25
HC04_A09	8000000	9000000	HC04_D09	48000000	49000000	706295	12	14
HC04_A09	7000000	8000000	HC04_D09	49000000	50000000	454568	25	19
HC04_A09	6000000	7000000	HC04_D09	50000000	51000000	607814	25	5
HC04_A09	5000000	6000000	HC04_D09	51000000	52000000	477546	9	17
HC04_A09	3000000	4000000	HC04_D09	52000000	53000000	383491	0	26
HC04_A09	2000000	3000000	HC04_D09	53000000	54000000	731139	12	16
HC04_A09	1000000	2000000	HC04_D09	54000000	55000000	706076	29	16
HC04_A10	0	1000000	HC04_D10	0	1000000	755526	32	14
HC04_A10	1000000	2000000	HC04_D10	1000000	2000000	609810	18	19
HC04_A10	2000000	3000000	HC04_D10	2000000	3000000	854784	22	35
HC04_A10	3000000	4000000	HC04_D10	3000000	4000000	707017	19	32
HC04_A10	4000000	5000000	HC04_D10	4000000	5000000	516252	25	33
HC04_A10	6000000	7000000	HC04_D10	5000000	6000000	469948	14	30
HC04_A10	7000000	8000000	HC04_D10	6000000	7000000	648082	36	36
HC04_A10	13000000	14000000	HC04_D10	7000000	8000000	334485	6	36
HC04_A10	12000000	13000000	HC04_D10	8000000	9000000	617711	0	36
HC04_A10	11000000	12000000	HC04_D10	9000000	10000000	562490	0	20
HC04_A10	93000000	94000000	HC04_D10	10000000	11000000	471720	0	16
HC04_A10	21000000	22000000	HC04_D10	11000000	12000000	390754	20	18
HC04_A10	19000000	20000000	HC04_D10	12000000	13000000	482166	0	18
HC04_A10	17000000	18000000	HC04_D10	13000000	14000000	486020	0	21
HC04_A10	16000000	17000000	HC04_D10	14000000	15000000	556586	3	0
HC04_A10	15000000	16000000	HC04_D10	15000000	16000000	352425	0	0
HC04_A10	9000000	10000000	HC04_D10	16000000	17000000	255723	0	2
HC04_A10	92000000	93000000	HC04_D10	17000000	18000000	352430	1	3
HC04_A10	88000000	89000000	HC04_D10	18000000	19000000	390381	0	2
HC04_A10	86000000	87000000	HC04_D10	19000000	20000000	398847	25	1
HC04_A10	85000000	86000000	HC04_D10	20000000	21000000	172176	5	1
HC04_A10	82000000	83000000	HC04_D10	21000000	22000000	327382	5	0
HC04_A10	80000000	81000000	HC04_D10	22000000	23000000	530707	0	0
HC04_A10	78000000	79000000	HC04_D10	23000000	24000000	527302	0	35
HC04_A10	77000000	78000000	HC04_D10	24000000	25000000	487073	0	12
HC04_A10	74000000	75000000	HC04_D10	25000000	26000000	233816	17	10
HC04_A10	72000000	73000000	HC04_D10	26000000	27000000	436426	14	0
HC04_A10	71000000	72000000	HC04_D10	27000000	28000000	294799	13	0
HC04_A10	70000000	71000000	HC04_D10	28000000	29000000	283133	2	24
HC04_A10	67000000	68000000	HC04_D10	29000000	30000000	162311	0	24
HC04_A10	65000000	66000000	HC04_D10	30000000	31000000	187821	0	0
HC04_A10	63000000	64000000	HC04_D10	31000000	32000000	266900	0	1
HC04_A10	61000000	62000000	HC04_D10	32000000	33000000	214360	0	0
HC04_A10	59000000	60000000	HC04_D10	33000000	34000000	217141	0	0
HC04_A10	56000000	57000000	HC04_D10	34000000	35000000	195178	0	0
HC04_A10	51000000	52000000	HC04_D10	35000000	36000000	204779	0	0
HC04_A10	38000000	39000000	HC04_D10	37000000	38000000	100701	0	0
HC04_A10	35000000	36000000	HC04_D10	42000000	43000000	172998	12	0
HC04_A10	34000000	35000000	HC04_D10	43000000	44000000	169210	8	0
HC04_A10	30000000	31000000	HC04_D10	44000000	45000000	257347	10	0
HC04_A10	28000000	29000000	HC04_D10	45000000	46000000	228129	0	0
HC04_A10	25000000	26000000	HC04_D10	46000000	47000000	311053	14	0
HC04_A10	24000000	25000000	HC04_D10	47000000	48000000	300188	14	0
HC04_A10	23000000	24000000	HC04_D10	48000000	49000000	467483	19	2
HC04_A10	94000000	95000000	HC04_D10	49000000	50000000	270355	0	4
HC04_A10	96000000	97000000	HC04_D10	50000000	51000000	397446	0	3
HC04_A10	97000000	98000000	HC04_D10	51000000	52000000	352828	0	0
HC04_A10	99000000	100000000	HC04_D10	52000000	53000000	357288	1	2
HC04_A10	100000000	101000000	HC04_D10	53000000	54000000	425998	0	3
HC04_A10	102000000	103000000	HC04_D10	54000000	55000000	621353	29	10
HC04_A10	103000000	104000000	HC04_D10	55000000	56000000	503689	14	0
HC04_A10	104000000	105000000	HC04_D10	56000000	57000000	344935	1	11
HC04_A10	106000000	107000000	HC04_D10	57000000	58000000	244533	17	1
HC04_A10	107000000	108000000	HC04_D10	58000000	59000000	416055	17	11
HC04_A10	108000000	109000000	HC04_D10	59000000	60000000	439283	30	11
HC04_A10	109000000	110000000	HC04_D10	60000000	61000000	260521	0	35
HC04_A10	110000000	111000000	HC04_D10	61000000	62000000	464096	20	4
HC04_A10	112000000	113000000	HC04_D10	62000000	63000000	430408	34	30
HC04_A10	113000000	114000000	HC04_D10	64000000	65000000	286881	30	35
HC04_A10	114000000	115000000	HC04_D10	65000000	66000000	307919	23	36
HC04_A10	115000000	116000000	HC04_D10	66000000	67000000	396893	21	19
HC04_A10	116000000	117000000	HC04_D10	67000000	68000000	290742	30	35
HC04_A11	123000000	124000000	HC04_D11	1000000	2000000	275064	36	36
HC04_A11	121000000	122000000	HC04_D11	2000000	3000000	229274	31	12
HC04_A11	120000000	121000000	HC04_D11	3000000	4000000	503761	25	32
HC04_A11	119000000	120000000	HC04_D11	4000000	5000000	234969	26	5
HC04_A11	118000000	119000000	HC04_D11	5000000	6000000	298512	3	2
HC04_A11	117000000	118000000	HC04_D11	6000000	7000000	317841	5	6
HC04_A11	116000000	117000000	HC04_D11	7000000	8000000	363232	36	9
HC04_A11	115000000	116000000	HC04_D11	8000000	9000000	175755	24	35
HC04_A11	114000000	115000000	HC04_D11	9000000	10000000	396422	13	36
HC04_A11	113000000	114000000	HC04_D11	10000000	11000000	610913	36	12
HC04_A11	112000000	113000000	HC04_D11	11000000	12000000	418084	25	1
HC04_A11	111000000	112000000	HC04_D11	12000000	13000000	320446	5	8
HC04_A11	109000000	110000000	HC04_D11	13000000	14000000	466621	3	27
HC04_A11	108000000	109000000	HC04_D11	14000000	15000000	431254	5	22
HC04_A11	106000000	107000000	HC04_D11	15000000	16000000	358598	5	24
HC04_A11	105000000	106000000	HC04_D11	16000000	17000000	231494	0	15
HC04_A11	101000000	102000000	HC04_D11	17000000	18000000	195578	0	15
HC04_A11	99000000	100000000	HC04_D11	18000000	19000000	248585	3	0
HC04_A11	98000000	99000000	HC04_D11	19000000	20000000	392472	0	0
HC04_A11	95000000	96000000	HC04_D11	20000000	21000000	337662	17	0
HC04_A11	93000000	94000000	HC04_D11	21000000	22000000	329396	17	0
HC04_A11	91000000	92000000	HC04_D11	22000000	23000000	245855	5	0
HC04_A11	88000000	89000000	HC04_D11	23000000	24000000	212660	1	0
HC04_A11	84000000	85000000	HC04_D11	24000000	25000000	165215	1	0
HC04_A11	85000000	86000000	HC04_D11	25000000	26000000	159254	1	0
HC04_A11	86000000	87000000	HC04_D11	26000000	27000000	141652	1	0
HC04_A11	38000000	39000000	HC04_D11	31000000	32000000	122755	0	0
HC04_A11	68000000	69000000	HC04_D11	33000000	34000000	107111	1	0
HC04_A11	39000000	40000000	HC04_D11	34000000	35000000	171361	0	0
HC04_A11	40000000	41000000	HC04_D11	35000000	36000000	286504	0	0
HC04_A11	42000000	43000000	HC04_D11	36000000	37000000	129863	1	0
HC04_A11	45000000	46000000	HC04_D11	37000000	38000000	158259	0	0
HC04_A11	46000000	47000000	HC04_D11	38000000	39000000	349538	3	0
HC04_A11	48000000	49000000	HC04_D11	39000000	40000000	303280	3	0
HC04_A11	49000000	50000000	HC04_D11	40000000	41000000	186207	3	0
HC04_A11	54000000	55000000	HC04_D11	41000000	42000000	378300	2	0
HC04_A11	56000000	57000000	HC04_D11	42000000	43000000	290252	0	0
HC04_A11	58000000	59000000	HC04_D11	43000000	44000000	282602	0	3
HC04_A11	60000000	61000000	HC04_D11	44000000	45000000	414502	0	1
HC04_A11	62000000	63000000	HC04_D11	45000000	46000000	256845	0	0
HC04_A11	64000000	65000000	HC04_D11	46000000	47000000	465098	0	2
HC04_A11	34000000	35000000	HC04_D11	47000000	48000000	232064	0	0
HC04_A11	31000000	32000000	HC04_D11	48000000	49000000	362750	0	16
HC04_A11	29000000	30000000	HC04_D11	49000000	50000000	391202	0	0
HC04_A11	28000000	29000000	HC04_D11	50000000	51000000	316610	0	0
HC04_A11	26000000	27000000	HC04_D11	51000000	52000000	480758	3	1
HC04_A11	25000000	26000000	HC04_D11	52000000	53000000	456599	5	0
HC04_A11	23000000	24000000	HC04_D11	53000000	54000000	426354	6	4
HC04_A11	22000000	23000000	HC04_D11	54000000	55000000	642239	34	1
HC04_A11	21000000	22000000	HC04_D11	55000000	56000000	578200	30	16
HC04_A11	20000000	21000000	HC04_D11	56000000	57000000	500577	9	17
HC04_A11	18000000	19000000	HC04_D11	57000000	58000000	403389	22	11
HC04_A11	17000000	18000000	HC04_D11	58000000	59000000	737164	35	1
HC04_A11	15000000	16000000	HC04_D11	59000000	60000000	390067	1	29
HC04_A11	14000000	15000000	HC04_D11	60000000	61000000	530812	0	4
HC04_A11	13000000	14000000	HC04_D11	61000000	62000000	662823	0	29
HC04_A11	12000000	13000000	HC04_D11	62000000	63000000	455150	23	5
HC04_A11	10000000	11000000	HC04_D11	63000000	64000000	521205	4	25
HC04_A11	9000000	10000000	HC04_D11	64000000	65000000	646458	30	8
HC04_A11	8000000	9000000	HC04_D11	65000000	66000000	823752	0	7
HC04_A11	7000000	8000000	HC04_D11	66000000	67000000	817120	17	13
HC04_A11	6000000	7000000	HC04_D11	67000000	68000000	797890	11	20
HC04_A11	5000000	6000000	HC04_D11	68000000	69000000	758285	29	2
HC04_A11	4000000	5000000	HC04_D11	69000000	70000000	608834	32	28
HC04_A11	3000000	4000000	HC04_D11	70000000	71000000	558524	28	34
HC04_A11	2000000	3000000	HC04_D11	71000000	72000000	400604	2	4
HC04_A11	0	1000000	HC04_D11	72000000	73000000	470824	24	1
HC04_A12	0	1000000	HC04_D12	0	1000000	839240	33	13
HC04_A12	1000000	2000000	HC04_D12	1000000	2000000	713566	19	36
HC04_A12	2000000	3000000	HC04_D12	2000000	3000000	697506	6	32
HC04_A12	3000000	4000000	HC04_D12	3000000	4000000	479382	5	14
HC04_A12	6000000	7000000	HC04_D12	4000000	5000000	576442	28	22
HC04_A12	5000000	6000000	HC04_D12	5000000	6000000	372921	4	11
HC04_A12	8000000	9000000	HC04_D12	6000000	7000000	447696	14	15
HC04_A12	9000000	10000000	HC04_D12	7000000	8000000	511857	0	7
HC04_A12	10000000	11000000	HC04_D12	8000000	9000000	416893	0	0
HC04_A12	12000000	13000000	HC04_D12	9000000	10000000	479494	1	0
HC04_A12	13000000	14000000	HC04_D12	10000000	11000000	504008	20	8
HC04_A12	15000000	16000000	HC04_D12	11000000	12000000	466685	2	12
HC04_A12	17000000	18000000	HC04_D12	12000000	13000000	283778	0	0
HC04_A12	18000000	19000000	HC04_D12	13000000	14000000	260736	0	0
HC04_A12	34000000	35000000	HC04_D12	15000000	16000000	188972	0	0
HC04_A12	37000000	38000000	HC04_D12	16000000	17000000	226813	0	0
HC04_A12	31000000	32000000	HC04_D12	17000000	18000000	132254	0	0
HC04_A12	64000000	65000000	HC04_D12	20000000	21000000	120202	0	0
HC04_A12	61000000	62000000	HC04_D12	22000000	23000000	129362	0	0
HC04_A12	49000000	50000000	HC04_D12	25000000	26000000	200769	0	0
HC04_A12	44000000	45000000	HC04_D12	26000000	27000000	257355	0	0
HC04_A12	43000000	44000000	HC04_D12	27000000	28000000	299960	0	0
HC04_A12	39000000	40000000	HC04_D12	28000000	29000000	250414	0	1
HC04_A12	29000000	30000000	HC04_D12	29000000	30000000	245389	0	0
HC04_A12	23000000	24000000	HC04_D12	30000000	31000000	184812	0	1
HC04_A12	21000000	22000000	HC04_D12	31000000	32000000	190634	0	6
HC04_A12	53000000	54000000	HC04_D12	32000000	33000000	175994	0	6
HC04_A12	51000000	52000000	HC04_D12	33000000	34000000	128756	0	6
HC04_A12	56000000	57000000	HC04_D12	34000000	35000000	236626	0	0
HC04_A12	70000000	71000000	HC04_D12	35000000	36000000	200074	0	0
HC04_A12	72000000	73000000	HC04_D12	36000000	37000000	162197	18	2
HC04_A12	76000000	77000000	HC04_D12	37000000	38000000	274407	0	0
HC04_A12	77000000	78000000	HC04_D12	38000000	39000000	370656	0	1
HC04_A12	79000000	80000000	HC04_D12	39000000	40000000	628610	2	3
HC04_A12	80000000	81000000	HC04_D12	40000000	41000000	481679	0	30
HC04_A12	81000000	82000000	HC04_D12	41000000	42000000	336065	3	5
HC04_A12	83000000	84000000	HC04_D12	42000000	43000000	317864	0	3
HC04_A12	84000000	85000000	HC04_D12	43000000	44000000	515118	18	3
HC04_A12	85000000	86000000	HC04_D12	44000000	45000000	603769	0	8
HC04_A12	86000000	87000000	HC04_D12	45000000	46000000	525835	5	19
HC04_A12	87000000	88000000	HC04_D12	46000000	47000000	355802	30	28
HC04_A12	89000000	90000000	HC04_D12	47000000	48000000	440300	15	24
HC04_A12	91000000	92000000	HC04_D12	48000000	49000000	396149	3	2
HC04_A12	92000000	93000000	HC04_D12	49000000	50000000	539169	27	0
HC04_A12	94000000	95000000	HC04_D12	50000000	51000000	486634	13	26
HC04_A12	95000000	96000000	HC04_D12	51000000	52000000	557052	0	22
HC04_A12	96000000	97000000	HC04_D12	52000000	53000000	495920	12	10
HC04_A12	98000000	99000000	HC04_D12	53000000	54000000	622792	22	12
HC04_A12	99000000	100000000	HC04_D12	54000000	55000000	501802	28	9
HC04_A12	100000000	101000000	HC04_D12	55000000	56000000	434103	2	10
HC04_A12	101000000	102000000	HC04_D12	56000000	57000000	613277	0	25
HC04_A12	102000000	103000000	HC04_D12	57000000	58000000	514542	4	5
HC04_A12	103000000	104000000	HC04_D12	58000000	59000000	444551	5	25
HC04_A12	105000000	106000000	HC04_D12	60000000	61000000	377544	20	29
HC04_A12	106000000	107000000	HC04_D12	61000000	62000000	498013	5	12
HC04_A12	108000000	109000000	HC04_D12	62000000	63000000	452369	30	18
HC04_A13	0	1000000	HC04_D13	0	1000000	592612	21	24
HC04_A13	1000000	2000000	HC04_D13	1000000	2000000	466577	5	36
HC04_A13	3000000	4000000	HC04_D13	2000000	3000000	651955	23	29
HC04_A13	4000000	5000000	HC04_D13	3000000	4000000	558562	14	29
HC04_A13	5000000	6000000	HC04_D13	4000000	5000000	659755	17	33
HC04_A13	6000000	7000000	HC04_D13	5000000	6000000	577465	19	28
HC04_A13	16000000	17000000	HC04_D13	6000000	7000000	328197	0	0
HC04_A13	15000000	16000000	HC04_D13	7000000	8000000	342072	29	30
HC04_A13	13000000	14000000	HC04_D13	8000000	9000000	523244	16	14
HC04_A13	11000000	12000000	HC04_D13	9000000	10000000	376586	0	0
HC04_A13	8000000	9000000	HC04_D13	10000000	11000000	109644	0	0
HC04_A13	10000000	11000000	HC04_D13	11000000	12000000	348292	0	0
HC04_A13	19000000	20000000	HC04_D13	12000000	13000000	337395	0	0
HC04_A13	21000000	22000000	HC04_D13	13000000	14000000	327602	0	0
HC04_A13	23000000	24000000	HC04_D13	14000000	15000000	200974	1	0
HC04_A13	32000000	33000000	HC04_D13	15000000	16000000	502197	0	0
HC04_A13	28000000	29000000	HC04_D13	16000000	17000000	264616	0	0
HC04_A13	25000000	26000000	HC04_D13	17000000	18000000	154544	0	0
HC04_A13	54000000	55000000	HC04_D13	18000000	19000000	273752	0	0
HC04_A13	55000000	56000000	HC04_D13	19000000	20000000	155783	0	0
HC04_A13	56000000	57000000	HC04_D13	20000000	21000000	260641	16	0
HC04_A13	49000000	50000000	HC04_D13	21000000	22000000	243807	0	0
HC04_A13	46000000	47000000	HC04_D13	22000000	23000000	180557	0	0
HC04_A13	44000000	45000000	HC04_D13	23000000	24000000	326908	0	0
HC04_A13	43000000	44000000	HC04_D13	24000000	25000000	223758	0	0
HC04_A13	42000000	43000000	HC04_D13	25000000	26000000	167965	0	0
HC04_A13	64000000	65000000	HC04_D13	27000000	28000000	127777	16	0
HC04_A13	36000000	37000000	HC04_D13	31000000	32000000	145680	0	0
HC04_A13	66000000	67000000	HC04_D13	32000000	33000000	227490	16	0
HC04_A13	67000000	68000000	HC04_D13	33000000	34000000	168962	35	18
HC04_A13	69000000	70000000	HC04_D13	34000000	35000000	297674	31	0
HC04_A13	70000000	71000000	HC04_D13	35000000	36000000	394509	29	0
HC04_A13	72000000	73000000	HC04_D13	36000000	37000000	213066	29	0
HC04_A13	76000000	77000000	HC04_D13	37000000	38000000	280264	29	3
HC04_A13	77000000	78000000	HC04_D13	38000000	39000000	311409	0	0
HC04_A13	79000000	80000000	HC04_D13	39000000	40000000	305304	27	0
HC04_A13	81000000	82000000	HC04_D13	40000000	41000000	553456	0	0
HC04_A13	83000000	84000000	HC04_D13	41000000	42000000	348180	24	5
HC04_A13	86000000	87000000	HC04_D13	42000000	43000000	391511	21	36
HC04_A13	87000000	88000000	HC04_D13	43000000	44000000	300631	0	23
HC04_A13	89000000	90000000	HC04_D13	44000000	45000000	231645	0	0
HC04_A13	90000000	91000000	HC04_D13	45000000	46000000	302727	20	22
HC04_A13	91000000	92000000	HC04_D13	46000000	47000000	708736	9	2
HC04_A13	92000000	93000000	HC04_D13	47000000	48000000	523166	24	5
HC04_A13	93000000	94000000	HC04_D13	48000000	49000000	443036	1	0
HC04_A13	94000000	95000000	HC04_D13	49000000	50000000	513282	2	8
HC04_A13	95000000	96000000	HC04_D13	50000000	51000000	452079	0	16
HC04_A13	97000000	98000000	HC04_D13	51000000	52000000	511171	20	0
HC04_A13	98000000	99000000	HC04_D13	52000000	53000000	580459	17	31
HC04_A13	99000000	100000000	HC04_D13	53000000	54000000	562388	14	11
HC04_A13	101000000	102000000	HC04_D13	54000000	55000000	323129	6	8
HC04_A13	102000000	103000000	HC04_D13	55000000	56000000	421759	3	0
HC04_A13	103000000	104000000	HC04_D13	56000000	57000000	383078	2	33
HC04_A13	104000000	105000000	HC04_D13	57000000	58000000	465275	9	33
HC04_A13	106000000	107000000	HC04_D13	58000000	59000000	405608	2	6
HC04_A13	107000000	108000000	HC04_D13	59000000	60000000	410459	30	18
HC04_A13	108000000	109000000	HC04_D13	61000000	62000000	460664	20	34
HC04_A13	110000000	111000000	HC04_D13	62000000	63000000	676776	33	11
HC04_A13	111000000	112000000	HC04_D13	64000000	65000000	464315	23	6
